13.8673
697.545
0
304.869
1279.93
7230.05
1307.8
22175.8
9698.72
14740.8
18855.7
32679.9
864.219
2857.9
1310.01
25187.6
1758.51
4590.17
4892.43
51472.3
1525.92
1487.09
10741.1
25559.6
1427.59
3571.71
3571.71
50161.2
658.367
1257.26
3078.75
26685.2
13.9814
0
1025.51
483.043
13.8673
697.545
0
304.869
1279.93
7230.05
1307.8
22175.8
9698.72
14740.8
18855.7
32679.9
864.219
2857.9
1310.01
25187.6
1758.51
4590.17
4892.43
51472.3
1525.92
1487.09
10741.1
25559.6
1427.59
3571.71
3571.71
50161.2
658.367
1257.26
3078.75
26685.2
13.9814
0
1025.51
483.043
21
157
0
66
685
1414
253
2825
2151
1983
2461
3726
714
616
247
3353
1366
971
940
6514
850
248
1710
3036
1518
732
732
6631
749
257
650
3588
18
0
194
91
21
157
0
66
685
1414
253
2825
2151
1983
2461
3726
714
616
247
3353
1366
971
940
6514
850
248
1710
3036
1518
732
732
6631
749
257
650
3588
18
0
194
91
