2.6485  0
1.28919  4
0.715007  14
0.616331  24
0.632518  38
0.398235  62
0.46752  89
0.449313  119
0.534471  154
0.521869  193
0.56477  237
0.579683  287
0.556356  337
0.593063  392
0.564131  453
0.576135  516
0.567307  582
0.585008  655
0.508205  730
0.593156  821
0.558005  927
0.648351  1068
0.554057  1226
0.558804  1403
0.466413  1580
0.398491  1770
0.48378  1962
0.447499  2146
0.551957  2337
0.503072  2520
0.563356  2692
0.570264  2854
0.568933  3008
0.583519  3145
0.557401  3272
0.598712  3383
0.536397  3484
0.566127  3573
0.547303  3631
0.635774  3688
0.680549  3757
0.793755  3791
1.42846  3825
2.64057  3840
