0
0  0  0  7890  88.8257
1  0  1  5982  77.3434
2  0  2  1735  41.6533
3  0  3  263  16.2173
4  0  4  47  6.85565
5  0  5  13  3.60555
6  0  6  7  2.64575
7  0  7  1  1
8  0  8  0  0
9  0  9  0  0
10  0  10  0  0
11  0  11  0  0
12  0  12  0  0
13  0  13  0  0
14  1  1  0  0
15  1  2  0  0
16  1  3  0  0
17  1  4  0  0
18  1  5  0  0
19  1  6  0  0
20  1  7  0  0
21  1  8  0  0
22  1  9  0  0
23  1  10  0  0
24  1  11  0  0
25  1  12  0  0
26  1  13  0  0
27  2  2  0  0
28  2  3  0  0
29  2  4  0  0
30  2  5  0  0
31  2  6  0  0
32  2  7  0  0
33  2  8  0  0
34  2  9  0  0
35  2  10  0  0
36  2  11  0  0
37  2  12  0  0
38  2  13  0  0
39  3  3  0  0
40  3  4  0  0
41  3  5  0  0
42  3  6  0  0
43  3  7  0  0
44  3  8  0  0
45  3  9  0  0
46  3  10  0  0
47  3  11  0  0
48  3  12  0  0
49  3  13  0  0
50  4  4  0  0
51  4  5  0  0
52  4  6  0  0
53  4  7  0  0
54  4  8  0  0
55  4  9  0  0
56  4  10  0  0
57  4  11  0  0
58  4  12  0  0
59  4  13  0  0
60  5  5  0  0
61  5  6  0  0
62  5  7  0  0
63  5  8  0  0
64  5  9  0  0
65  5  10  0  0
66  5  11  0  0
67  5  12  0  0
68  5  13  0  0
69  6  6  0  0
70  6  7  0  0
71  6  8  0  0
72  6  9  0  0
73  6  10  0  0
74  6  11  0  0
75  6  12  0  0
76  6  13  0  0
77  7  7  0  0
78  7  8  0  0
79  7  9  0  0
80  7  10  0  0
81  7  11  0  0
82  7  12  0  0
83  7  13  0  0
84  8  8  0  0
85  8  9  0  0
86  8  10  0  0
87  8  11  0  0
88  8  12  0  0
89  8  13  0  0
90  9  9  0  0
91  9  10  0  0
92  9  11  0  0
93  9  12  0  0
94  9  13  0  0
95  10  10  0  0
96  10  11  0  0
97  10  12  0  0
98  10  13  0  0
99  11  11  0  0
100  11  12  0  0
101  11  13  0  0
102  12  12  0  0
103  12  13  0  0
104  13  13  0  0
999111  7890  0  0  0

1
105  0  0  0  0
106  0  1  2216  47.0744
107  0  2  5647  75.1465
108  0  3  5029  70.9154
109  0  4  1923  43.852
110  0  5  379  19.4679
111  0  6  126  11.225
112  0  7  40  6.32456
113  0  8  20  4.47214
114  0  9  5  2.23607
115  0  10  1  1
116  0  11  0  0
117  0  12  0  0
118  0  13  0  0
119  1  1  2136  46.2169
120  1  2  1922  43.8406
121  1  3  95  9.74679
122  1  4  15  3.87298
123  1  5  2  1.41421
124  1  6  0  0
125  1  7  1  1
126  1  8  0  0
127  1  9  0  0
128  1  10  0  0
129  1  11  0  0
130  1  12  0  0
131  1  13  0  0
132  2  2  0  0
133  2  3  0  0
134  2  4  0  0
135  2  5  0  0
136  2  6  0  0
137  2  7  0  0
138  2  8  0  0
139  2  9  0  0
140  2  10  0  0
141  2  11  0  0
142  2  12  0  0
143  2  13  0  0
144  3  3  0  0
145  3  4  0  0
146  3  5  0  0
147  3  6  0  0
148  3  7  0  0
149  3  8  0  0
150  3  9  0  0
151  3  10  0  0
152  3  11  0  0
153  3  12  0  0
154  3  13  0  0
155  4  4  0  0
156  4  5  0  0
157  4  6  0  0
158  4  7  0  0
159  4  8  0  0
160  4  9  0  0
161  4  10  0  0
162  4  11  0  0
163  4  12  0  0
164  4  13  0  0
165  5  5  0  0
166  5  6  0  0
167  5  7  0  0
168  5  8  0  0
169  5  9  0  0
170  5  10  0  0
171  5  11  0  0
172  5  12  0  0
173  5  13  0  0
174  6  6  0  0
175  6  7  0  0
176  6  8  0  0
177  6  9  0  0
178  6  10  0  0
179  6  11  0  0
180  6  12  0  0
181  6  13  0  0
182  7  7  0  0
183  7  8  0  0
184  7  9  0  0
185  7  10  0  0
186  7  11  0  0
187  7  12  0  0
188  7  13  0  0
189  8  8  0  0
190  8  9  0  0
191  8  10  0  0
192  8  11  0  0
193  8  12  0  0
194  8  13  0  0
195  9  9  0  0
196  9  10  0  0
197  9  11  0  0
198  9  12  0  0
199  9  13  0  0
200  10  10  0  0
201  10  11  0  0
202  10  12  0  0
203  10  13  0  0
204  11  11  0  0
205  11  12  0  0
206  11  13  0  0
207  12  12  0  0
208  12  13  0  0
209  13  13  0  0
999111  5647  107  0  2

2
210  0  0  0  0
211  0  1  0  0
212  0  2  104  10.198
213  0  3  2406  49.051
214  0  4  5253  72.4776
215  0  5  4234  65.0692
216  0  6  1956  44.2267
217  0  7  581  24.1039
218  0  8  155  12.4499
219  0  9  76  8.7178
220  0  10  25  5
221  0  11  2  1.41421
222  0  12  0  0
223  0  13  0  0
224  1  1  0  0
225  1  2  1817  42.6263
226  1  3  3671  60.5888
227  1  4  1958  44.2493
228  1  5  255  15.9687
229  1  6  61  7.81025
230  1  7  16  4
231  1  8  12  3.4641
232  1  9  4  2
233  1  10  0  0
234  1  11  0  0
235  1  12  0  0
236  1  13  0  0
237  2  2  1641  40.5093
238  2  3  1702  41.2553
239  2  4  99  9.94987
240  2  5  6  2.44949
241  2  6  1  1
242  2  7  1  1
243  2  8  0  0
244  2  9  0  0
245  2  10  0  0
246  2  11  0  0
247  2  12  0  0
248  2  13  0  0
249  3  3  0  0
250  3  4  0  0
251  3  5  0  0
252  3  6  0  0
253  3  7  0  0
254  3  8  0  0
255  3  9  0  0
256  3  10  0  0
257  3  11  0  0
258  3  12  0  0
259  3  13  0  0
260  4  4  0  0
261  4  5  0  0
262  4  6  0  0
263  4  7  0  0
264  4  8  0  0
265  4  9  0  0
266  4  10  0  0
267  4  11  0  0
268  4  12  0  0
269  4  13  0  0
270  5  5  0  0
271  5  6  0  0
272  5  7  0  0
273  5  8  0  0
274  5  9  0  0
275  5  10  0  0
276  5  11  0  0
277  5  12  0  0
278  5  13  0  0
279  6  6  0  0
280  6  7  0  0
281  6  8  0  0
282  6  9  0  0
283  6  10  0  0
284  6  11  0  0
285  6  12  0  0
286  6  13  0  0
287  7  7  0  0
288  7  8  0  0
289  7  9  0  0
290  7  10  0  0
291  7  11  0  0
292  7  12  0  0
293  7  13  0  0
294  8  8  0  0
295  8  9  0  0
296  8  10  0  0
297  8  11  0  0
298  8  12  0  0
299  8  13  0  0
300  9  9  0  0
301  9  10  0  0
302  9  11  0  0
303  9  12  0  0
304  9  13  0  0
305  10  10  0  0
306  10  11  0  0
307  10  12  0  0
308  10  13  0  0
309  11  11  0  0
310  11  12  0  0
311  11  13  0  0
312  12  12  0  0
313  12  13  0  0
314  13  13  0  0
999111  5253  214  0  4

3
315  0  0  0  0
316  0  1  0  0
317  0  2  0  0
318  0  3  16  4
319  0  4  353  18.7883
320  0  5  2412  49.1121
321  0  6  4526  67.2756
322  0  7  4013  63.3482
323  0  8  1671  40.8779
324  0  9  544  23.3238
325  0  10  207  14.3875
326  0  11  75  8.66025
327  0  12  9  3
328  0  13  0  0
329  1  1  0  0
330  1  2  0  0
331  1  3  78  8.83176
332  1  4  1827  42.7434
333  1  5  3192  56.4978
334  1  6  1864  43.1741
335  1  7  393  19.8242
336  1  8  116  10.7703
337  1  9  49  7
338  1  10  23  4.79583
339  1  11  2  1.41421
340  1  12  0  0
341  1  13  0  0
342  2  2  0  0
343  2  3  1724  41.5211
344  2  4  3246  56.9737
345  2  5  1713  41.3884
346  2  6  266  16.3095
347  2  7  53  7.28011
348  2  8  15  3.87298
349  2  9  8  2.82843
350  2  10  0  0
351  2  11  0  0
352  2  12  0  0
353  2  13  0  0
354  3  3  1739  41.7013
355  3  4  1777  42.1545
356  3  5  83  9.11043
357  3  6  8  2.82843
358  3  7  4  2
359  3  8  1  1
360  3  9  0  0
361  3  10  0  0
362  3  11  0  0
363  3  12  0  0
364  3  13  0  0
365  4  4  0  0
366  4  5  0  0
367  4  6  0  0
368  4  7  0  0
369  4  8  0  0
370  4  9  0  0
371  4  10  0  0
372  4  11  0  0
373  4  12  0  0
374  4  13  0  0
375  5  5  0  0
376  5  6  0  0
377  5  7  0  0
378  5  8  0  0
379  5  9  0  0
380  5  10  0  0
381  5  11  0  0
382  5  12  0  0
383  5  13  0  0
384  6  6  0  0
385  6  7  0  0
386  6  8  0  0
387  6  9  0  0
388  6  10  0  0
389  6  11  0  0
390  6  12  0  0
391  6  13  0  0
392  7  7  0  0
393  7  8  0  0
394  7  9  0  0
395  7  10  0  0
396  7  11  0  0
397  7  12  0  0
398  7  13  0  0
399  8  8  0  0
400  8  9  0  0
401  8  10  0  0
402  8  11  0  0
403  8  12  0  0
404  8  13  0  0
405  9  9  0  0
406  9  10  0  0
407  9  11  0  0
408  9  12  0  0
409  9  13  0  0
410  10  10  0  0
411  10  11  0  0
412  10  12  0  0
413  10  13  0  0
414  11  11  0  0
415  11  12  0  0
416  11  13  0  0
417  12  12  0  0
418  12  13  0  0
419  13  13  0  0
999111  4526  321  0  6

4
420  0  0  0  0
421  0  1  0  0
422  0  2  0  0
423  0  3  0  0
424  0  4  8  2.82843
425  0  5  75  8.66025
426  0  6  535  23.1301
427  0  7  2293  47.8853
428  0  8  3577  59.808
429  0  9  3069  55.3986
430  0  10  1443  37.9868
431  0  11  574  23.9583
432  0  12  218  14.7648
433  0  13  23  4.79583
434  1  1  0  0
435  1  2  0  0
436  1  3  0  0
437  1  4  9  3
438  1  5  289  17
439  1  6  1857  43.0929
440  1  7  2753  52.469
441  1  8  1533  39.1535
442  1  9  455  21.3307
443  1  10  148  12.1655
444  1  11  78  8.83176
445  1  12  17  4.12311
446  1  13  3  1.73205
447  2  2  0  0
448  2  3  0  0
449  2  4  89  9.43398
450  2  5  1762  41.9762
451  2  6  3047  55.1996
452  2  7  1687  41.0731
453  2  8  382  19.5448
454  2  9  98  9.89949
455  2  10  40  6.32456
456  2  11  17  4.12311
457  2  12  7  2.64575
458  2  13  0  0
459  3  3  0  0
460  3  4  1753  41.8688
461  3  5  3321  57.6281
462  3  6  1763  41.9881
463  3  7  246  15.6844
464  3  8  58  7.61577
465  3  9  27  5.19615
466  3  10  5  2.23607
467  3  11  4  2
468  3  12  2  1.41421
469  3  13  0  0
470  4  4  1788  42.2847
471  4  5  1822  42.6849
472  4  6  86  9.27362
473  4  7  15  3.87298
474  4  8  3  1.73205
475  4  9  1  1
476  4  10  0  0
477  4  11  0  0
478  4  12  0  0
479  4  13  0  0
480  5  5  0  0
481  5  6  0  0
482  5  7  0  0
483  5  8  0  0
484  5  9  0  0
485  5  10  0  0
486  5  11  0  0
487  5  12  0  0
488  5  13  0  0
489  6  6  0  0
490  6  7  0  0
491  6  8  0  0
492  6  9  0  0
493  6  10  0  0
494  6  11  0  0
495  6  12  0  0
496  6  13  0  0
497  7  7  0  0
498  7  8  0  0
499  7  9  0  0
500  7  10  0  0
501  7  11  0  0
502  7  12  0  0
503  7  13  0  0
504  8  8  0  0
505  8  9  0  0
506  8  10  0  0
507  8  11  0  0
508  8  12  0  0
509  8  13  0  0
510  9  9  0  0
511  9  10  0  0
512  9  11  0  0
513  9  12  0  0
514  9  13  0  0
515  10  10  0  0
516  10  11  0  0
517  10  12  0  0
518  10  13  0  0
519  11  11  0  0
520  11  12  0  0
521  11  13  0  0
522  12  12  0  0
523  12  13  0  0
524  13  13  0  0
999111  3577  428  0  8

5
525  0  0  0  0
526  0  1  0  0
527  0  2  0  0
528  0  3  0  0
529  0  4  0  0
530  0  5  1  1
531  0  6  31  5.56776
532  0  7  144  12
533  0  8  666  25.807
534  0  9  1902  43.6119
535  0  10  2825  53.1507
536  0  11  2327  48.239
537  0  12  1174  34.2637
538  0  13  553  23.516
539  1  1  0  0
540  1  2  0  0
541  1  3  0  0
542  1  4  0  0
543  1  5  4  2
544  1  6  64  8
545  1  7  435  20.8567
546  1  8  1540  39.2428
547  1  9  2223  47.1487
548  1  10  1303  36.0971
549  1  11  492  22.1811
550  1  12  175  13.2288
551  1  13  79  8.88819
552  2  2  0  0
553  2  3  0  0
554  2  4  0  0
555  2  5  8  2.82843
556  2  6  277  16.6433
557  2  7  1695  41.1704
558  2  8  2400  48.9898
559  2  9  1452  38.1051
560  2  10  402  20.0499
561  2  11  135  11.619
562  2  12  69  8.30662
563  2  13  26  5.09902
564  3  3  0  0
565  3  4  0  0
566  3  5  99  9.94987
567  3  6  1805  42.4853
568  3  7  3048  55.2087
569  3  8  1578  39.724
570  3  9  368  19.1833
571  3  10  93  9.64365
572  3  11  40  6.32456
573  3  12  15  3.87298
574  3  13  8  2.82843
575  4  4  0  0
576  4  5  1675  40.9268
577  4  6  3317  57.5934
578  4  7  1783  42.2256
579  4  8  256  16
580  4  9  55  7.4162
581  4  10  24  4.89898
582  4  11  8  2.82843
583  4  12  4  2
584  4  13  0  0
585  5  5  1777  42.1545
586  5  6  1756  41.9047
587  5  7  83  9.11043
588  5  8  12  3.4641
589  5  9  2  1.41421
590  5  10  0  0
591  5  11  1  1
592  5  12  0  0
593  5  13  0  0
594  6  6  0  0
595  6  7  0  0
596  6  8  0  0
597  6  9  0  0
598  6  10  0  0
599  6  11  0  0
600  6  12  0  0
601  6  13  0  0
602  7  7  0  0
603  7  8  0  0
604  7  9  0  0
605  7  10  0  0
606  7  11  0  0
607  7  12  0  0
608  7  13  0  0
609  8  8  0  0
610  8  9  0  0
611  8  10  0  0
612  8  11  0  0
613  8  12  0  0
614  8  13  0  0
615  9  9  0  0
616  9  10  0  0
617  9  11  0  0
618  9  12  0  0
619  9  13  0  0
620  10  10  0  0
621  10  11  0  0
622  10  12  0  0
623  10  13  0  0
624  11  11  0  0
625  11  12  0  0
626  11  13  0  0
627  12  12  0  0
628  12  13  0  0
629  13  13  0  0
999111  3317  577  4  6

6
630  0  0  0  0
631  0  1  0  0
632  0  2  0  0
633  0  3  0  0
634  0  4  0  0
635  0  5  0  0
636  0  6  0  0
637  0  7  18  4.24264
638  0  8  61  7.81025
639  0  9  259  16.0935
640  0  10  691  26.2869
641  0  11  1506  38.8072
642  0  12  2235  47.2758
643  0  13  2543  50.4282
644  1  1  0  0
645  1  2  0  0
646  1  3  0  0
647  1  4  0  0
648  1  5  0  0
649  1  6  1  1
650  1  7  22  4.69042
651  1  8  101  10.0499
652  1  9  452  21.2603
653  1  10  1350  36.7423
654  1  11  1633  40.4104
655  1  12  1117  33.4215
656  1  13  596  24.4131
657  2  2  0  0
658  2  3  0  0
659  2  4  0  0
660  2  5  0  0
661  2  6  2  1.41421
662  2  7  65  8.06226
663  2  8  369  19.2094
664  2  9  1443  37.9868
665  2  10  1911  43.715
666  2  11  1149  33.8969
667  2  12  431  20.7605
668  2  13  229  15.1327
669  3  3  0  0
670  3  4  0  0
671  3  5  0  0
672  3  6  10  3.16228
673  3  7  292  17.088
674  3  8  1609  40.1123
675  3  9  2444  49.4368
676  3  10  1363  36.9188
677  3  11  420  20.4939
678  3  12  138  11.7473
679  3  13  83  9.11043
680  4  4  0  0
681  4  5  0  0
682  4  6  93  9.64365
683  4  7  1701  41.2432
684  4  8  2796  52.8772
685  4  9  1688  41.0853
686  4  10  394  19.8494
687  4  11  114  10.6771
688  4  12  46  6.78233
689  4  13  32  5.65685
690  5  5  0  0
691  5  6  1780  42.19
692  5  7  3292  57.376
693  5  8  1651  40.6325
694  5  9  259  16.0935
695  5  10  55  7.4162
696  5  11  19  4.3589
697  5  12  12  3.4641
698  5  13  5  2.23607
699  6  6  1867  43.2088
700  6  7  1854  43.0581
701  6  8  89  9.43398
702  6  9  12  3.4641
703  6  10  5  2.23607
704  6  11  1  1
705  6  12  0  0
706  6  13  0  0
707  7  7  0  0
708  7  8  0  0
709  7  9  0  0
710  7  10  0  0
711  7  11  0  0
712  7  12  0  0
713  7  13  0  0
714  8  8  0  0
715  8  9  0  0
716  8  10  0  0
717  8  11  0  0
718  8  12  0  0
719  8  13  0  0
720  9  9  0  0
721  9  10  0  0
722  9  11  0  0
723  9  12  0  0
724  9  13  0  0
725  10  10  0  0
726  10  11  0  0
727  10  12  0  0
728  10  13  0  0
729  11  11  0  0
730  11  12  0  0
731  11  13  0  0
732  12  12  0  0
733  12  13  0  0
734  13  13  0  0
999111  3292  692  5  7

7
735  0  0  0  0
736  0  1  0  0
737  0  2  0  0
738  0  3  0  0
739  0  4  0  0
740  0  5  0  0
741  0  6  0  0
742  0  7  0  0
743  0  8  1  1
744  0  9  29  5.38516
745  0  10  83  9.11043
746  0  11  230  15.1658
747  0  12  641  25.318
748  0  13  2525  50.2494
749  1  1  0  0
750  1  2  0  0
751  1  3  0  0
752  1  4  0  0
753  1  5  0  0
754  1  6  0  0
755  1  7  0  0
756  1  8  12  3.4641
757  1  9  46  6.78233
758  1  10  166  12.8841
759  1  11  474  21.7715
760  1  12  1154  33.9706
761  1  13  2171  46.594
762  2  2  0  0
763  2  3  0  0
764  2  4  0  0
765  2  5  0  0
766  2  6  0  0
767  2  7  2  1.41421
768  2  8  15  3.87298
769  2  9  111  10.5357
770  2  10  400  20
771  2  11  1111  33.3317
772  2  12  1659  40.7308
773  2  13  1537  39.2046
774  3  3  0  0
775  3  4  0  0
776  3  5  0  0
777  3  6  0  0
778  3  7  5  2.23607
779  3  8  61  7.81025
780  3  9  386  19.6469
781  3  10  1411  37.5633
782  3  11  1997  44.6878
783  3  12  1337  36.565
784  3  13  638  25.2587
785  4  4  0  0
786  4  5  0  0
787  4  6  0  0
788  4  7  11  3.31662
789  4  8  238  15.4272
790  4  9  1666  40.8167
791  4  10  2438  49.3761
792  4  11  1470  38.3406
793  4  12  483  21.9773
794  4  13  230  15.1658
795  5  5  0  0
796  5  6  0  0
797  5  7  80  8.94427
798  5  8  1636  40.4475
799  5  9  2858  53.4603
800  5  10  1613  40.1622
801  5  11  387  19.6723
802  5  12  116  10.7703
803  5  13  77  8.77496
804  6  6  0  0
805  6  7  1829  42.7668
806  6  8  3224  56.7803
807  6  9  1726  41.5452
808  6  10  271  16.4621
809  6  11  57  7.54983
810  6  12  23  4.79583
811  6  13  18  4.24264
812  7  7  1819  42.6497
813  7  8  1726  41.5452
814  7  9  79  8.88819
815  7  10  9  3
816  7  11  2  1.41421
817  7  12  3  1.73205
818  7  13  0  0
819  8  8  0  0
820  8  9  0  0
821  8  10  0  0
822  8  11  0  0
823  8  12  0  0
824  8  13  0  0
825  9  9  0  0
826  9  10  0  0
827  9  11  0  0
828  9  12  0  0
829  9  13  0  0
830  10  10  0  0
831  10  11  0  0
832  10  12  0  0
833  10  13  0  0
834  11  11  0  0
835  11  12  0  0
836  11  13  0  0
837  12  12  0  0
838  12  13  0  0
839  13  13  0  0
999111  3224  806  6  8

8
840  0  0  0  0
841  0  1  0  0
842  0  2  0  0
843  0  3  0  0
844  0  4  0  0
845  0  5  0  0
846  0  6  0  0
847  0  7  0  0
848  0  8  0  0
849  0  9  0  0
850  0  10  7  2.64575
851  0  11  37  6.08276
852  0  12  78  8.83176
853  0  13  605  24.5967
854  1  1  0  0
855  1  2  0  0
856  1  3  0  0
857  1  4  0  0
858  1  5  0  0
859  1  6  0  0
860  1  7  0  0
861  1  8  0  0
862  1  9  5  2.23607
863  1  10  29  5.38516
864  1  11  81  9
865  1  12  161  12.6886
866  1  13  1138  33.7343
867  2  2  0  0
868  2  3  0  0
869  2  4  0  0
870  2  5  0  0
871  2  6  0  0
872  2  7  0  0
873  2  8  0  0
874  2  9  10  3.16228
875  2  10  47  6.85565
876  2  11  135  11.619
877  2  12  446  21.1187
878  2  13  2198  46.8828
879  3  3  0  0
880  3  4  0  0
881  3  5  0  0
882  3  6  0  0
883  3  7  0  0
884  3  8  1  1
885  3  9  24  4.89898
886  3  10  115  10.7238
887  3  11  404  20.0998
888  3  12  1308  36.1663
889  3  13  2861  53.4883
890  4  4  0  0
891  4  5  0  0
892  4  6  0  0
893  4  7  0  0
894  4  8  4  2
895  4  9  56  7.48331
896  4  10  370  19.2354
897  4  11  1504  38.7814
898  4  12  2086  45.6727
899  4  13  1831  42.7902
900  5  5  0  0
901  5  6  0  0
902  5  7  0  0
903  5  8  8  2.82843
904  5  9  264  16.2481
905  5  10  1651  40.6325
906  5  11  2406  49.051
907  5  12  1518  38.9615
908  5  13  666  25.807
909  6  6  0  0
910  6  7  0  0
911  6  8  71  8.42615
912  6  9  1816  42.6146
913  6  10  3007  54.8361
914  6  11  1606  40.0749
915  6  12  409  20.2237
916  6  13  165  12.8452
917  7  7  0  0
918  7  8  1706  41.3038
919  7  9  3379  58.1292
920  7  10  1809  42.5323
921  7  11  253  15.906
922  7  12  71  8.42615
923  7  13  33  5.74456
924  8  8  1651  40.6325
925  8  9  1798  42.4028
926  8  10  105  10.247
927  8  11  10  3.16228
928  8  12  0  0
929  8  13  3  1.73205
930  9  9  0  0
931  9  10  0  0
932  9  11  0  0
933  9  12  0  0
934  9  13  0  0
935  10  10  0  0
936  10  11  0  0
937  10  12  0  0
938  10  13  0  0
939  11  11  0  0
940  11  12  0  0
941  11  13  0  0
942  12  12  0  0
943  12  13  0  0
944  13  13  0  0
999111  3379  919  7  9

9
945  0  0  0  0
946  0  1  0  0
947  0  2  0  0
948  0  3  0  0
949  0  4  0  0
950  0  5  0  0
951  0  6  0  0
952  0  7  0  0
953  0  8  0  0
954  0  9  0  0
955  0  10  1  1
956  0  11  0  0
957  0  12  4  2
958  0  13  32  5.65685
959  1  1  0  0
960  1  2  0  0
961  1  3  0  0
962  1  4  0  0
963  1  5  0  0
964  1  6  0  0
965  1  7  0  0
966  1  8  0  0
967  1  9  0  0
968  1  10  0  0
969  1  11  6  2.44949
970  1  12  22  4.69042
971  1  13  204  14.2829
972  2  2  0  0
973  2  3  0  0
974  2  4  0  0
975  2  5  0  0
976  2  6  0  0
977  2  7  0  0
978  2  8  0  0
979  2  9  0  0
980  2  10  1  1
981  2  11  20  4.47214
982  2  12  74  8.60233
983  2  13  541  23.2594
984  3  3  0  0
985  3  4  0  0
986  3  5  0  0
987  3  6  0  0
988  3  7  0  0
989  3  8  0  0
990  3  9  0  0
991  3  10  7  2.64575
992  3  11  36  6
993  3  12  154  12.4097
994  3  13  1398  37.3898
995  4  4  0  0
996  4  5  0  0
997  4  6  0  0
998  4  7  0  0
999  4  8  0  0
1000  4  9  1  1
1001  4  10  17  4.12311
1002  4  11  107  10.3441
1003  4  12  448  21.166
1004  4  13  3043  55.1634
1005  5  5  0  0
1006  5  6  0  0
1007  5  7  0  0
1008  5  8  0  0
1009  5  9  4  2
1010  5  10  60  7.74597
1011  5  11  353  18.7883
1012  5  12  1595  39.9375
1013  5  13  3553  59.607
1014  6  6  0  0
1015  6  7  0  0
1016  6  8  0  0
1017  6  9  11  3.31662
1018  6  10  247  15.7162
1019  6  11  1694  41.1582
1020  6  12  2747  52.4118
1021  6  13  2233  47.2546
1022  7  7  0  0
1023  7  8  0  0
1024  7  9  101  10.0499
1025  7  10  1666  40.8167
1026  7  11  3118  55.8391
1027  7  12  1872  43.2666
1028  7  13  616  24.8193
1029  8  8  0  0
1030  8  9  1683  41.0244
1031  8  10  3276  57.2364
1032  8  11  1664  40.7922
1033  8  12  247  15.7162
1034  8  13  97  9.84886
1035  9  9  1667  40.8289
1036  9  10  1744  41.7612
1037  9  11  80  8.94427
1038  9  12  14  3.74166
1039  9  13  3  1.73205
1040  10  10  0  0
1041  10  11  0  0
1042  10  12  0  0
1043  10  13  0  0
1044  11  11  0  0
1045  11  12  0  0
1046  11  13  0  0
1047  12  12  0  0
1048  12  13  0  0
1049  13  13  0  0
999111  3553  1013  5  13

10
1050  0  0  0  0
1051  0  1  0  0
1052  0  2  0  0
1053  0  3  0  0
1054  0  4  0  0
1055  0  5  0  0
1056  0  6  0  0
1057  0  7  0  0
1058  0  8  0  0
1059  0  9  0  0
1060  0  10  0  0
1061  0  11  0  0
1062  0  12  0  0
1063  0  13  1  1
1064  1  1  0  0
1065  1  2  0  0
1066  1  3  0  0
1067  1  4  0  0
1068  1  5  0  0
1069  1  6  0  0
1070  1  7  0  0
1071  1  8  0  0
1072  1  9  0  0
1073  1  10  0  0
1074  1  11  0  0
1075  1  12  0  0
1076  1  13  9  3
1077  2  2  0  0
1078  2  3  0  0
1079  2  4  0  0
1080  2  5  0  0
1081  2  6  0  0
1082  2  7  0  0
1083  2  8  0  0
1084  2  9  0  0
1085  2  10  0  0
1086  2  11  1  1
1087  2  12  4  2
1088  2  13  67  8.18535
1089  3  3  0  0
1090  3  4  0  0
1091  3  5  0  0
1092  3  6  0  0
1093  3  7  0  0
1094  3  8  0  0
1095  3  9  0  0
1096  3  10  0  0
1097  3  11  1  1
1098  3  12  12  3.4641
1099  3  13  209  14.4568
1100  4  4  0  0
1101  4  5  0  0
1102  4  6  0  0
1103  4  7  0  0
1104  4  8  0  0
1105  4  9  0  0
1106  4  10  0  0
1107  4  11  6  2.44949
1108  4  12  44  6.63325
1109  4  13  567  23.8118
1110  5  5  0  0
1111  5  6  0  0
1112  5  7  0  0
1113  5  8  0  0
1114  5  9  0  0
1115  5  10  0  0
1116  5  11  24  4.89898
1117  5  12  122  11.0454
1118  5  13  1671  40.8779
1119  6  6  0  0
1120  6  7  0  0
1121  6  8  0  0
1122  6  9  0  0
1123  6  10  3  1.73205
1124  6  11  53  7.28011
1125  6  12  450  21.2132
1126  6  13  3780  61.4817
1127  7  7  0  0
1128  7  8  0  0
1129  7  9  0  0
1130  7  10  12  3.4641
1131  7  11  266  16.3095
1132  7  12  1914  43.7493
1133  7  13  4476  66.9029
1134  8  8  0  0
1135  8  9  0  0
1136  8  10  81  9
1137  8  11  1692  41.1339
1138  8  12  3199  56.5597
1139  8  13  2311  48.0729
1140  9  9  0  0
1141  9  10  1716  41.4246
1142  9  11  3308  57.5152
1143  9  12  1783  42.2256
1144  9  13  340  18.4391
1145  10  10  1683  41.0244
1146  10  11  1625  40.3113
1147  10  12  88  9.38083
1148  10  13  11  3.31662
1149  11  11  0  0
1150  11  12  0  0
1151  11  13  0  0
1152  12  12  0  0
1153  12  13  0  0
1154  13  13  0  0
999111  4476  1133  7  13

11
1155  0  0  0  0
1156  0  1  0  0
1157  0  2  0  0
1158  0  3  0  0
1159  0  4  0  0
1160  0  5  0  0
1161  0  6  0  0
1162  0  7  0  0
1163  0  8  0  0
1164  0  9  0  0
1165  0  10  0  0
1166  0  11  0  0
1167  0  12  0  0
1168  0  13  0  0
1169  1  1  0  0
1170  1  2  0  0
1171  1  3  0  0
1172  1  4  0  0
1173  1  5  0  0
1174  1  6  0  0
1175  1  7  0  0
1176  1  8  0  0
1177  1  9  0  0
1178  1  10  0  0
1179  1  11  0  0
1180  1  12  0  0
1181  1  13  0  0
1182  2  2  0  0
1183  2  3  0  0
1184  2  4  0  0
1185  2  5  0  0
1186  2  6  0  0
1187  2  7  0  0
1188  2  8  0  0
1189  2  9  0  0
1190  2  10  0  0
1191  2  11  0  0
1192  2  12  0  0
1193  2  13  2  1.41421
1194  3  3  0  0
1195  3  4  0  0
1196  3  5  0  0
1197  3  6  0  0
1198  3  7  0  0
1199  3  8  0  0
1200  3  9  0  0
1201  3  10  0  0
1202  3  11  0  0
1203  3  12  0  0
1204  3  13  24  4.89898
1205  4  4  0  0
1206  4  5  0  0
1207  4  6  0  0
1208  4  7  0  0
1209  4  8  0  0
1210  4  9  0  0
1211  4  10  0  0
1212  4  11  0  0
1213  4  12  6  2.44949
1214  4  13  78  8.83176
1215  5  5  0  0
1216  5  6  0  0
1217  5  7  0  0
1218  5  8  0  0
1219  5  9  0  0
1220  5  10  0  0
1221  5  11  0  0
1222  5  12  14  3.74166
1223  5  13  195  13.9642
1224  6  6  0  0
1225  6  7  0  0
1226  6  8  0  0
1227  6  9  0  0
1228  6  10  0  0
1229  6  11  0  0
1230  6  12  20  4.47214
1231  6  13  493  22.2036
1232  7  7  0  0
1233  7  8  0  0
1234  7  9  0  0
1235  7  10  0  0
1236  7  11  4  2
1237  7  12  56  7.48331
1238  7  13  1911  43.715
1239  8  8  0  0
1240  8  9  0  0
1241  8  10  0  0
1242  8  11  10  3.16228
1243  8  12  274  16.5529
1244  8  13  4337  65.8559
1245  9  9  0  0
1246  9  10  0  0
1247  9  11  68  8.24621
1248  9  12  1897  43.5546
1249  9  13  5227  72.298
1250  10  10  0  0
1251  10  11  1744  41.7612
1252  10  12  3608  60.0666
1253  10  13  2374  48.7237
1254  11  11  1706  41.3038
1255  11  12  1918  43.795
1256  11  13  82  9.05539
1257  12  12  0  0
1258  12  13  0  0
1259  13  13  0  0
999111  5227  1249  9  13

12
1260  0  0  0  0
1261  0  1  0  0
1262  0  2  0  0
1263  0  3  0  0
1264  0  4  0  0
1265  0  5  0  0
1266  0  6  0  0
1267  0  7  0  0
1268  0  8  0  0
1269  0  9  0  0
1270  0  10  0  0
1271  0  11  0  0
1272  0  12  0  0
1273  0  13  0  0
1274  1  1  0  0
1275  1  2  0  0
1276  1  3  0  0
1277  1  4  0  0
1278  1  5  0  0
1279  1  6  0  0
1280  1  7  0  0
1281  1  8  0  0
1282  1  9  0  0
1283  1  10  0  0
1284  1  11  0  0
1285  1  12  0  0
1286  1  13  0  0
1287  2  2  0  0
1288  2  3  0  0
1289  2  4  0  0
1290  2  5  0  0
1291  2  6  0  0
1292  2  7  0  0
1293  2  8  0  0
1294  2  9  0  0
1295  2  10  0  0
1296  2  11  0  0
1297  2  12  0  0
1298  2  13  0  0
1299  3  3  0  0
1300  3  4  0  0
1301  3  5  0  0
1302  3  6  0  0
1303  3  7  0  0
1304  3  8  0  0
1305  3  9  0  0
1306  3  10  0  0
1307  3  11  0  0
1308  3  12  0  0
1309  3  13  0  0
1310  4  4  0  0
1311  4  5  0  0
1312  4  6  0  0
1313  4  7  0  0
1314  4  8  0  0
1315  4  9  0  0
1316  4  10  0  0
1317  4  11  0  0
1318  4  12  0  0
1319  4  13  7  2.64575
1320  5  5  0  0
1321  5  6  0  0
1322  5  7  0  0
1323  5  8  0  0
1324  5  9  0  0
1325  5  10  0  0
1326  5  11  0  0
1327  5  12  0  0
1328  5  13  21  4.58258
1329  6  6  0  0
1330  6  7  0  0
1331  6  8  0  0
1332  6  9  0  0
1333  6  10  0  0
1334  6  11  0  0
1335  6  12  0  0
1336  6  13  44  6.63325
1337  7  7  0  0
1338  7  8  0  0
1339  7  9  0  0
1340  7  10  0  0
1341  7  11  0  0
1342  7  12  1  1
1343  7  13  137  11.7047
1344  8  8  0  0
1345  8  9  0  0
1346  8  10  0  0
1347  8  11  0  0
1348  8  12  6  2.44949
1349  8  13  394  19.8494
1350  9  9  0  0
1351  9  10  0  0
1352  9  11  0  0
1353  9  12  5  2.23607
1354  9  13  1793  42.3438
1355  10  10  0  0
1356  10  11  0  0
1357  10  12  97  9.84886
1358  10  13  4980  70.5691
1359  11  11  0  0
1360  11  12  1895  43.5316
1361  11  13  5600  74.8331
1362  12  12  2025  45
1363  12  13  2302  47.9792
1364  13  13  0  0
999111  5600  1361  11  13

13
1365  0  0  0  0
1366  0  1  0  0
1367  0  2  0  0
1368  0  3  0  0
1369  0  4  0  0
1370  0  5  0  0
1371  0  6  0  0
1372  0  7  0  0
1373  0  8  0  0
1374  0  9  0  0
1375  0  10  0  0
1376  0  11  0  0
1377  0  12  0  0
1378  0  13  0  0
1379  1  1  0  0
1380  1  2  0  0
1381  1  3  0  0
1382  1  4  0  0
1383  1  5  0  0
1384  1  6  0  0
1385  1  7  0  0
1386  1  8  0  0
1387  1  9  0  0
1388  1  10  0  0
1389  1  11  0  0
1390  1  12  0  0
1391  1  13  0  0
1392  2  2  0  0
1393  2  3  0  0
1394  2  4  0  0
1395  2  5  0  0
1396  2  6  0  0
1397  2  7  0  0
1398  2  8  0  0
1399  2  9  0  0
1400  2  10  0  0
1401  2  11  0  0
1402  2  12  0  0
1403  2  13  0  0
1404  3  3  0  0
1405  3  4  0  0
1406  3  5  0  0
1407  3  6  0  0
1408  3  7  0  0
1409  3  8  0  0
1410  3  9  0  0
1411  3  10  0  0
1412  3  11  0  0
1413  3  12  0  0
1414  3  13  0  0
1415  4  4  0  0
1416  4  5  0  0
1417  4  6  0  0
1418  4  7  0  0
1419  4  8  0  0
1420  4  9  0  0
1421  4  10  0  0
1422  4  11  0  0
1423  4  12  0  0
1424  4  13  0  0
1425  5  5  0  0
1426  5  6  0  0
1427  5  7  0  0
1428  5  8  0  0
1429  5  9  0  0
1430  5  10  0  0
1431  5  11  0  0
1432  5  12  0  0
1433  5  13  0  0
1434  6  6  0  0
1435  6  7  0  0
1436  6  8  0  0
1437  6  9  0  0
1438  6  10  0  0
1439  6  11  0  0
1440  6  12  0  0
1441  6  13  0  0
1442  7  7  0  0
1443  7  8  0  0
1444  7  9  0  0
1445  7  10  0  0
1446  7  11  0  0
1447  7  12  0  0
1448  7  13  3  1.73205
1449  8  8  0  0
1450  8  9  0  0
1451  8  10  0  0
1452  8  11  0  0
1453  8  12  0  0
1454  8  13  8  2.82843
1455  9  9  0  0
1456  9  10  0  0
1457  9  11  0  0
1458  9  12  0  0
1459  9  13  49  7
1460  10  10  0  0
1461  10  11  0  0
1462  10  12  0  0
1463  10  13  226  15.0333
1464  11  11  0  0
1465  11  12  0  0
1466  11  13  1862  43.1509
1467  12  12  0  0
1468  12  13  5809  76.2168
1469  13  13  7880  88.7694
999111  7880  1469  13  13


