0.990403   0.0191595
0.987355   0.0190269
0.966041   0.00975908
1.00758   0.0192019
0.997631   0.0134153
0.97114   0.00981222
1.00998   0.0191046
0.988771   0.0190138
1.00982   0.0106927
1.00908   0.0155836
0.994406   0.0136906
0.969145   0.01823
0.981891   0.0156928
0.965996   0.0159577
0.865049   0.0038381
0.934497   0.0047629
0.930733   0.00474969
0.945261   0.00496248
0.904523   0.003847
0.876053   0.00354998
0.878356   0.00322227
0.880716   0.00323805
0.884722   0.00359815
0.894243   0.00374622
0.930068   0.00487412
0.935458   0.00484672
0.920331   0.00469931
0.852857   0.00375859
