0.950432   0.0972624
0.804391   0.0463409
0.64751   0.0748035
0.698161   0.042468
0.746754   0.0514176
0.827135   0.0329407
0.820169   0.0486281
0.755159   0.100444
0.84701   0.0371075
0.642024   0.0488725
0.656083   0.0458566
0.621967   0.045151
0.677025   0.0489705
0.801476   0.124858
1.04175   0.0175018
1.0352   0.014919
1.02491   0.0192452
1.01506   0.0129363
0.980709   0.0121546
0.982391   0.00814274
0.987822   0.00888719
0.996604   0.0237541
0.947095   0.00872172
0.98801   0.0144216
1.01176   0.018349
1.02653   0.0188202
1.06051   0.0244437
1.06155   0.0264393
