0
0  0  0  59885.8  231.794
1  0  1  43739.6  191.821
2  0  2  13413  102.557
3  0  3  1264.83  31.2602
4  0  4  197.996  12.402
5  0  5  57.5651  6.65759
6  0  6  24.6215  4.36854
7  0  7  7.11185  2.37566
8  0  8  0.7828  0.7828
9  0  9  0  0
10  0  10  0  0
11  0  11  0  0
12  0  12  0  0
13  0  13  0  0
14  1  1  0  0
15  1  2  0  0
16  1  3  0  0
17  1  4  0  0
18  1  5  0  0
19  1  6  0  0
20  1  7  0  0
21  1  8  0  0
22  1  9  0  0
23  1  10  0  0
24  1  11  0  0
25  1  12  0  0
26  1  13  0  0
27  2  2  0  0
28  2  3  0  0
29  2  4  0  0
30  2  5  0  0
31  2  6  0  0
32  2  7  0  0
33  2  8  0  0
34  2  9  0  0
35  2  10  0  0
36  2  11  0  0
37  2  12  0  0
38  2  13  0  0
39  3  3  0  0
40  3  4  0  0
41  3  5  0  0
42  3  6  0  0
43  3  7  0  0
44  3  8  0  0
45  3  9  0  0
46  3  10  0  0
47  3  11  0  0
48  3  12  0  0
49  3  13  0  0
50  4  4  0  0
51  4  5  0  0
52  4  6  0  0
53  4  7  0  0
54  4  8  0  0
55  4  9  0  0
56  4  10  0  0
57  4  11  0  0
58  4  12  0  0
59  4  13  0  0
60  5  5  0  0
61  5  6  0  0
62  5  7  0  0
63  5  8  0  0
64  5  9  0  0
65  5  10  0  0
66  5  11  0  0
67  5  12  0  0
68  5  13  0  0
69  6  6  0  0
70  6  7  0  0
71  6  8  0  0
72  6  9  0  0
73  6  10  0  0
74  6  11  0  0
75  6  12  0  0
76  6  13  0  0
77  7  7  0  0
78  7  8  0  0
79  7  9  0  0
80  7  10  0  0
81  7  11  0  0
82  7  12  0  0
83  7  13  0  0
84  8  8  0  0
85  8  9  0  0
86  8  10  0  0
87  8  11  0  0
88  8  12  0  0
89  8  13  0  0
90  9  9  0  0
91  9  10  0  0
92  9  11  0  0
93  9  12  0  0
94  9  13  0  0
95  10  10  0  0
96  10  11  0  0
97  10  12  0  0
98  10  13  0  0
99  11  11  0  0
100  11  12  0  0
101  11  13  0  0
102  12  12  0  0
103  12  13  0  0
104  13  13  0  0
999111  59885.8  0  0  0

1
105  0  0  0  0
106  0  1  16578.8  120.389
107  0  2  42440.4  187.598
108  0  3  37867.9  173.57
109  0  4  14277.9  106.105
110  0  5  2335.12  42.8745
111  0  6  594.363  21.5762
112  0  7  254.404  14.1167
113  0  8  95.3954  8.58607
114  0  9  20.0718  4.02675
115  0  10  0.806068  0.806068
116  0  11  0  0
117  0  12  0  0
118  0  13  0  0
119  1  1  14594.6  106.908
120  1  2  13795.9  101.366
121  1  3  398.975  17.2587
122  1  4  35.7613  5.19758
123  1  5  7.28559  2.44202
124  1  6  0  0
125  1  7  0  0
126  1  8  0  0
127  1  9  0  0
128  1  10  0  0
129  1  11  0  0
130  1  12  0  0
131  1  13  0  0
132  2  2  0  0
133  2  3  0  0
134  2  4  0  0
135  2  5  0  0
136  2  6  0  0
137  2  7  0  0
138  2  8  0  0
139  2  9  0  0
140  2  10  0  0
141  2  11  0  0
142  2  12  0  0
143  2  13  0  0
144  3  3  0  0
145  3  4  0  0
146  3  5  0  0
147  3  6  0  0
148  3  7  0  0
149  3  8  0  0
150  3  9  0  0
151  3  10  0  0
152  3  11  0  0
153  3  12  0  0
154  3  13  0  0
155  4  4  0  0
156  4  5  0  0
157  4  6  0  0
158  4  7  0  0
159  4  8  0  0
160  4  9  0  0
161  4  10  0  0
162  4  11  0  0
163  4  12  0  0
164  4  13  0  0
165  5  5  0  0
166  5  6  0  0
167  5  7  0  0
168  5  8  0  0
169  5  9  0  0
170  5  10  0  0
171  5  11  0  0
172  5  12  0  0
173  5  13  0  0
174  6  6  0  0
175  6  7  0  0
176  6  8  0  0
177  6  9  0  0
178  6  10  0  0
179  6  11  0  0
180  6  12  0  0
181  6  13  0  0
182  7  7  0  0
183  7  8  0  0
184  7  9  0  0
185  7  10  0  0
186  7  11  0  0
187  7  12  0  0
188  7  13  0  0
189  8  8  0  0
190  8  9  0  0
191  8  10  0  0
192  8  11  0  0
193  8  12  0  0
194  8  13  0  0
195  9  9  0  0
196  9  10  0  0
197  9  11  0  0
198  9  12  0  0
199  9  13  0  0
200  10  10  0  0
201  10  11  0  0
202  10  12  0  0
203  10  13  0  0
204  11  11  0  0
205  11  12  0  0
206  11  13  0  0
207  12  12  0  0
208  12  13  0  0
209  13  13  0  0
999111  42440.4  107  0  2

2
210  0  0  0  0
211  0  1  0  0
212  0  2  565.375  21.8335
213  0  3  17317  119.862
214  0  4  41472.9  186.046
215  0  5  35484.6  168.449
216  0  6  14395.4  106.43
217  0  7  3367.05  51.5947
218  0  8  1010.01  28.0555
219  0  9  374.331  17.4324
220  0  10  121.726  9.70074
221  0  11  15.1957  3.49001
222  0  12  0.738069  0.738069
223  0  13  0  0
224  1  1  0  0
225  1  2  13209  98.9189
226  1  3  26300.9  138.382
227  1  4  14029.4  101.893
228  1  5  1303.75  31.1478
229  1  6  259.908  13.8516
230  1  7  85.5601  7.99325
231  1  8  28.4928  4.47662
232  1  9  9.34223  2.71949
233  1  10  1.67423  1.18386
234  1  11  0  0
235  1  12  0  0
236  1  13  0  0
237  2  2  12070.7  90.6509
238  2  3  12216.8  90.8686
239  2  4  435.493  17.1913
240  2  5  34.8269  4.76774
241  2  6  18.7214  3.6851
242  2  7  6.09232  2.05335
243  2  8  0  0
244  2  9  0  0
245  2  10  0  0
246  2  11  0  0
247  2  12  0  0
248  2  13  0  0
249  3  3  0  0
250  3  4  0  0
251  3  5  0  0
252  3  6  0  0
253  3  7  0  0
254  3  8  0  0
255  3  9  0  0
256  3  10  0  0
257  3  11  0  0
258  3  12  0  0
259  3  13  0  0
260  4  4  0  0
261  4  5  0  0
262  4  6  0  0
263  4  7  0  0
264  4  8  0  0
265  4  9  0  0
266  4  10  0  0
267  4  11  0  0
268  4  12  0  0
269  4  13  0  0
270  5  5  0  0
271  5  6  0  0
272  5  7  0  0
273  5  8  0  0
274  5  9  0  0
275  5  10  0  0
276  5  11  0  0
277  5  12  0  0
278  5  13  0  0
279  6  6  0  0
280  6  7  0  0
281  6  8  0  0
282  6  9  0  0
283  6  10  0  0
284  6  11  0  0
285  6  12  0  0
286  6  13  0  0
287  7  7  0  0
288  7  8  0  0
289  7  9  0  0
290  7  10  0  0
291  7  11  0  0
292  7  12  0  0
293  7  13  0  0
294  8  8  0  0
295  8  9  0  0
296  8  10  0  0
297  8  11  0  0
298  8  12  0  0
299  8  13  0  0
300  9  9  0  0
301  9  10  0  0
302  9  11  0  0
303  9  12  0  0
304  9  13  0  0
305  10  10  0  0
306  10  11  0  0
307  10  12  0  0
308  10  13  0  0
309  11  11  0  0
310  11  12  0  0
311  11  13  0  0
312  12  12  0  0
313  12  13  0  0
314  13  13  0  0
999111  41472.9  214  0  4

3
315  0  0  0  0
316  0  1  0  0
317  0  2  0  0
318  0  3  63.117  7.20746
319  0  4  2079.91  42.0887
320  0  5  17849.2  121.023
321  0  6  36754.9  173.431
322  0  7  30913.8  157.625
323  0  8  12415.5  98.2466
324  0  9  3579.93  54.003
325  0  10  1259.26  31.4863
326  0  11  384.982  17.5567
327  0  12  55.4089  6.8117
328  0  13  1.74257  1.2325
329  1  1  0  0
330  1  2  0  0
331  1  3  502.249  18.9179
332  1  4  13532.8  100.577
333  1  5  24475.2  134.161
334  1  6  13379.1  99.4481
335  1  7  2175.16  40.2616
336  1  8  514.178  19.4016
337  1  9  232.636  13.241
338  1  10  99.5449  8.57203
339  1  11  24.4239  4.29562
340  1  12  2.67093  1.42285
341  1  13  0  0
342  2  2  0  0
343  2  3  12167.4  89.7087
344  2  4  24234.9  128.784
345  2  5  12282.6  91.9778
346  2  6  1334.43  30.3803
347  2  7  241.255  12.9877
348  2  8  104.79  8.37135
349  2  9  36.9394  5.10811
350  2  10  8.07458  2.29978
351  2  11  2.36706  1.20089
352  2  12  0  0
353  2  13  0  0
354  3  3  12286.8  89.8181
355  3  4  12552.3  92.1165
356  3  5  416.501  17.0257
357  3  6  32.6446  4.78433
358  3  7  10.9682  2.76063
359  3  8  2.79904  1.28591
360  3  9  0  0
361  3  10  0.470953  0.470953
362  3  11  0  0
363  3  12  0  0
364  3  13  0  0
365  4  4  0  0
366  4  5  0  0
367  4  6  0  0
368  4  7  0  0
369  4  8  0  0
370  4  9  0  0
371  4  10  0  0
372  4  11  0  0
373  4  12  0  0
374  4  13  0  0
375  5  5  0  0
376  5  6  0  0
377  5  7  0  0
378  5  8  0  0
379  5  9  0  0
380  5  10  0  0
381  5  11  0  0
382  5  12  0  0
383  5  13  0  0
384  6  6  0  0
385  6  7  0  0
386  6  8  0  0
387  6  9  0  0
388  6  10  0  0
389  6  11  0  0
390  6  12  0  0
391  6  13  0  0
392  7  7  0  0
393  7  8  0  0
394  7  9  0  0
395  7  10  0  0
396  7  11  0  0
397  7  12  0  0
398  7  13  0  0
399  8  8  0  0
400  8  9  0  0
401  8  10  0  0
402  8  11  0  0
403  8  12  0  0
404  8  13  0  0
405  9  9  0  0
406  9  10  0  0
407  9  11  0  0
408  9  12  0  0
409  9  13  0  0
410  10  10  0  0
411  10  11  0  0
412  10  12  0  0
413  10  13  0  0
414  11  11  0  0
415  11  12  0  0
416  11  13  0  0
417  12  12  0  0
418  12  13  0  0
419  13  13  0  0
999111  36754.9  321  0  6

4
420  0  0  0  0
421  0  1  0  0
422  0  2  0  0
423  0  3  0  0
424  0  4  24.958  4.63914
425  0  5  481.417  19.7001
426  0  6  3555.3  54.3238
427  0  7  16901.6  118.213
428  0  8  29498.7  155.267
429  0  9  24268.3  141.68
430  0  10  10355  90.3151
431  0  11  3329.27  51.6462
432  0  12  1199.54  31.678
433  0  13  185.64  12.9073
434  1  1  0  0
435  1  2  0  0
436  1  3  0  0
437  1  4  42.2892  5.6544
438  1  5  1630.68  34.2777
439  1  6  13459.6  99.7577
440  1  7  21482  126.083
441  1  8  11318.5  90.3894
442  1  9  2711.82  45.4378
443  1  10  705.059  22.6841
444  1  11  310.656  15.1234
445  1  12  129.573  10.1334
446  1  13  17.6632  3.95258
447  2  2  0  0
448  2  3  0  0
449  2  4  390.847  16.3722
450  2  5  12468.9  91.3505
451  2  6  22975.9  126.063
452  2  7  12420.5  93.0141
453  2  8  1918.58  35.6086
454  2  9  569.475  20.0194
455  2  10  218.273  12.0892
456  2  11  89.2982  7.75718
457  2  12  19.6328  3.77251
458  2  13  0.854992  0.854992
459  3  3  0  0
460  3  4  12485.1  91.415
461  3  5  23992.7  126.555
462  3  6  12971.1  94.1444
463  3  7  1246.19  29.4025
464  3  8  248.098  12.8776
465  3  9  77.1338  7.18549
466  3  10  23.5829  3.92259
467  3  11  8.49541  2.36342
468  3  12  2.34551  1.35418
469  3  13  0.76434  0.76434
470  4  4  12949.6  94.4833
471  4  5  13066.7  94.6844
472  4  6  505.307  18.7852
473  4  7  36.6629  5.06501
474  4  8  6.17784  2.06363
475  4  9  1.83537  1.07695
476  4  10  0  0
477  4  11  0  0
478  4  12  0  0
479  4  13  0  0
480  5  5  0  0
481  5  6  0  0
482  5  7  0  0
483  5  8  0  0
484  5  9  0  0
485  5  10  0  0
486  5  11  0  0
487  5  12  0  0
488  5  13  0  0
489  6  6  0  0
490  6  7  0  0
491  6  8  0  0
492  6  9  0  0
493  6  10  0  0
494  6  11  0  0
495  6  12  0  0
496  6  13  0  0
497  7  7  0  0
498  7  8  0  0
499  7  9  0  0
500  7  10  0  0
501  7  11  0  0
502  7  12  0  0
503  7  13  0  0
504  8  8  0  0
505  8  9  0  0
506  8  10  0  0
507  8  11  0  0
508  8  12  0  0
509  8  13  0  0
510  9  9  0  0
511  9  10  0  0
512  9  11  0  0
513  9  12  0  0
514  9  13  0  0
515  10  10  0  0
516  10  11  0  0
517  10  12  0  0
518  10  13  0  0
519  11  11  0  0
520  11  12  0  0
521  11  13  0  0
522  12  12  0  0
523  12  13  0  0
524  13  13  0  0
999111  29498.7  428  0  8

5
525  0  0  0  0
526  0  1  0  0
527  0  2  0  0
528  0  3  0  0
529  0  4  0  0
530  0  5  3.07628  1.53879
531  0  6  190.894  12.5547
532  0  7  1046.39  29.2603
533  0  8  4041.4  58.0548
534  0  9  14618.2  111.156
535  0  10  22431.7  135.385
536  0  11  17732  120.263
537  0  12  8517.22  84.52
538  0  13  3663.05  57.3503
539  1  1  0  0
540  1  2  0  0
541  1  3  0  0
542  1  4  0  0
543  1  5  9.01018  2.43365
544  1  6  329.588  15.5745
545  1  7  2364.68  41.6741
546  1  8  11363.7  91.1296
547  1  9  17840.9  116.227
548  1  10  9815.23  84.6316
549  1  11  2680.06  44.6118
550  1  12  933.032  27.0696
551  1  13  432.995  19.3942
552  2  2  0  0
553  2  3  0  0
554  2  4  0  0
555  2  5  37.0714  4.98723
556  2  6  1310.75  30.0928
557  2  7  12312.9  92.5117
558  2  8  18250.7  110.371
559  2  9  10750.9  86.7414
560  2  10  2366.49  39.753
561  2  11  757.228  22.6945
562  2  12  358.13  16.2595
563  2  13  133.601  10.6097
564  3  3  0  0
565  3  4  0  0
566  3  5  475.821  17.6209
567  3  6  13028.7  93.8317
568  3  7  22704.7  124.597
569  3  8  11464.9  86.7323
570  3  9  2009.84  37.3345
571  3  10  475.304  17.706
572  3  11  196.421  11.492
573  3  12  104.946  8.77943
574  3  13  38.4789  5.67913
575  4  4  0  0
576  4  5  12499.6  91.8934
577  4  6  25528.1  133.04
578  4  7  13524  97.2088
579  4  8  1430.01  30.5571
580  4  9  281.982  14.0651
581  4  10  81.38  7.40532
582  4  11  25.3124  4.12763
583  4  12  9.08582  2.64286
584  4  13  2.57437  1.48662
585  5  5  12821.9  92.9654
586  5  6  13496.8  96.7495
587  5  7  461.029  18.0482
588  5  8  35.8709  4.8485
589  5  9  19.5187  3.76384
590  5  10  2.08767  1.20604
591  5  11  0  0
592  5  12  0  0
593  5  13  0  0
594  6  6  0  0
595  6  7  0  0
596  6  8  0  0
597  6  9  0  0
598  6  10  0  0
599  6  11  0  0
600  6  12  0  0
601  6  13  0  0
602  7  7  0  0
603  7  8  0  0
604  7  9  0  0
605  7  10  0  0
606  7  11  0  0
607  7  12  0  0
608  7  13  0  0
609  8  8  0  0
610  8  9  0  0
611  8  10  0  0
612  8  11  0  0
613  8  12  0  0
614  8  13  0  0
615  9  9  0  0
616  9  10  0  0
617  9  11  0  0
618  9  12  0  0
619  9  13  0  0
620  10  10  0  0
621  10  11  0  0
622  10  12  0  0
623  10  13  0  0
624  11  11  0  0
625  11  12  0  0
626  11  13  0  0
627  12  12  0  0
628  12  13  0  0
629  13  13  0  0
999111  25528.1  577  4  6

6
630  0  0  0  0
631  0  1  0  0
632  0  2  0  0
633  0  3  0  0
634  0  4  0  0
635  0  5  0  0
636  0  6  0  0
637  0  7  60.1854  7.05799
638  0  8  410.693  18.4403
639  0  9  1287.08  32.864
640  0  10  3993.57  57.4957
641  0  11  11259.6  97.2848
642  0  12  16970.6  120.711
643  0  13  20243.5  134.727
644  1  1  0  0
645  1  2  0  0
646  1  3  0  0
647  1  4  0  0
648  1  5  0  0
649  1  6  3.99471  1.78857
650  1  7  110.721  8.92968
651  1  8  526.738  19.6697
652  1  9  2641.23  44.396
653  1  10  9356.35  82.9573
654  1  11  12840.3  97.6275
655  1  12  7781.12  78.1972
656  1  13  3746.98  56.8089
657  2  2  0  0
658  2  3  0  0
659  2  4  0  0
660  2  5  0  0
661  2  6  6.17598  2.06561
662  2  7  279.633  13.9034
663  2  8  1926.04  36.218
664  2  9  10573.8  85.3345
665  2  10  15232.4  101.208
666  2  11  8446.41  75.7429
667  2  12  2615.85  44.0547
668  2  13  1242.63  32.1345
669  3  3  0  0
670  3  4  0  0
671  3  5  0  0
672  3  6  56.9595  6.19703
673  3  7  1437.81  31.2417
674  3  8  11512.9  87.1107
675  3  9  19383.6  115.01
676  3  10  10046.7  81.3026
677  3  11  2248.57  38.7483
678  3  12  775.61  23.8899
679  3  13  488.996  20.0269
680  4  4  0  0
681  4  5  0  0
682  4  6  413.766  17.0362
683  4  7  13517.3  97.5031
684  4  8  22319.4  122.488
685  4  9  12110.7  92.1778
686  4  10  2015.38  36.6808
687  4  11  555.643  19.3877
688  4  12  233.621  13.0027
689  4  13  140.526  10.8906
690  5  5  0  0
691  5  6  13395.7  95.1559
692  5  7  26060.1  134.098
693  5  8  12207.9  90.2807
694  5  9  1381.87  31.4976
695  5  10  254.592  13.1502
696  5  11  95.5911  8.04885
697  5  12  30.9912  4.90166
698  5  13  15.9866  3.66998
699  6  6  14075.6  98.8387
700  6  7  13760.8  98.0207
701  6  8  483.584  17.8901
702  6  9  51.3659  6.01896
703  6  10  18.0024  3.50166
704  6  11  3.84182  1.57993
705  6  12  2.49637  1.25305
706  6  13  0  0
707  7  7  0  0
708  7  8  0  0
709  7  9  0  0
710  7  10  0  0
711  7  11  0  0
712  7  12  0  0
713  7  13  0  0
714  8  8  0  0
715  8  9  0  0
716  8  10  0  0
717  8  11  0  0
718  8  12  0  0
719  8  13  0  0
720  9  9  0  0
721  9  10  0  0
722  9  11  0  0
723  9  12  0  0
724  9  13  0  0
725  10  10  0  0
726  10  11  0  0
727  10  12  0  0
728  10  13  0  0
729  11  11  0  0
730  11  12  0  0
731  11  13  0  0
732  12  12  0  0
733  12  13  0  0
734  13  13  0  0
999111  26060.1  692  5  7

7
735  0  0  0  0
736  0  1  0  0
737  0  2  0  0
738  0  3  0  0
739  0  4  0  0
740  0  5  0  0
741  0  6  0  0
742  0  7  0.85237  0.85237
743  0  8  15.3516  3.62441
744  0  9  144.883  11.0895
745  0  10  547.553  21.3136
746  0  11  1337.66  33.5059
747  0  12  3886.72  58.0922
748  0  13  20200.8  134.737
749  1  1  0  0
750  1  2  0  0
751  1  3  0  0
752  1  4  0  0
753  1  5  0  0
754  1  6  0  0
755  1  7  0.704077  0.704077
756  1  8  33.3498  4.80914
757  1  9  257.205  13.8966
758  1  10  835.637  24.7954
759  1  11  2648.31  44.2919
760  1  12  8162.09  80.0026
761  1  13  17545.5  122.385
762  2  2  0  0
763  2  3  0  0
764  2  4  0  0
765  2  5  0  0
766  2  6  0  0
767  2  7  11.473  2.80392
768  2  8  131.445  9.45033
769  2  9  537.034  19.2687
770  2  10  2176.51  38.2761
771  2  11  8193.1  74.4712
772  2  12  12939.9  98.3016
773  2  13  10729.3  94.5736
774  3  3  0  0
775  3  4  0  0
776  3  5  0  0
777  3  6  0  0
778  3  7  10.0461  2.66841
779  3  8  254.364  12.9411
780  3  9  2177.02  38.1179
781  3  10  10192.4  81.9102
782  3  11  14978.9  99.8765
783  3  12  9589.07  83.9739
784  3  13  4140.41  58.3133
785  4  4  0  0
786  4  5  0  0
787  4  6  0  0
788  4  7  49.4787  5.88167
789  4  8  1216.12  28.9803
790  4  9  12059.4  91.6318
791  4  10  18851.9  112.852
792  4  11  10543.3  84.6995
793  4  12  2893.82  46.3105
794  4  13  1451.05  34.696
795  5  5  0  0
796  5  6  0  0
797  5  7  469.734  17.7182
798  5  8  11856.4  88.9933
799  5  9  22992.8  126.099
800  5  10  11743.4  88.8199
801  5  11  2006.09  37.1884
802  5  12  597.117  21.0466
803  5  13  417.608  18.5322
804  6  6  0  0
805  6  7  13892.9  98.4927
806  6  8  24893.1  129.898
807  6  9  13371.9  97.4482
808  6  10  1442.46  31.1312
809  6  11  273.406  13.7017
810  6  12  129.749  9.67065
811  6  13  67.0071  7.36092
812  7  7  14110.2  99.4924
813  7  8  12933.5  93.3729
814  7  9  495.905  18.9171
815  7  10  37.5561  5.05562
816  7  11  18.6849  3.67835
817  7  12  3.9587  1.64508
818  7  13  1.4406  1.03066
819  8  8  0  0
820  8  9  0  0
821  8  10  0  0
822  8  11  0  0
823  8  12  0  0
824  8  13  0  0
825  9  9  0  0
826  9  10  0  0
827  9  11  0  0
828  9  12  0  0
829  9  13  0  0
830  10  10  0  0
831  10  11  0  0
832  10  12  0  0
833  10  13  0  0
834  11  11  0  0
835  11  12  0  0
836  11  13  0  0
837  12  12  0  0
838  12  13  0  0
839  13  13  0  0
999111  24893.1  806  6  8

8
840  0  0  0  0
841  0  1  0  0
842  0  2  0  0
843  0  3  0  0
844  0  4  0  0
845  0  5  0  0
846  0  6  0  0
847  0  7  0  0
848  0  8  0  0
849  0  9  0  0
850  0  10  21.1692  4.23759
851  0  11  122.157  10.1925
852  0  12  539.083  21.7381
853  0  13  3614.45  57.1181
854  1  1  0  0
855  1  2  0  0
856  1  3  0  0
857  1  4  0  0
858  1  5  0  0
859  1  6  0  0
860  1  7  0  0
861  1  8  0  0
862  1  9  6.86892  2.23648
863  1  10  89.7913  8.17431
864  1  11  390.069  16.9509
865  1  12  963.982  27.6417
866  1  13  8983.46  86.5549
867  2  2  0  0
868  2  3  0  0
869  2  4  0  0
870  2  5  0  0
871  2  6  0  0
872  2  7  0  0
873  2  8  1.44833  1.02436
874  2  9  30.8079  4.59701
875  2  10  193.298  11.5151
876  2  11  720.955  22.2153
877  2  12  2574.56  43.834
878  2  13  17534.8  119.24
879  3  3  0  0
880  3  4  0  0
881  3  5  0  0
882  3  6  0  0
883  3  7  0  0
884  3  8  0.469317  0.469317
885  3  9  110.409  8.71637
886  3  10  508.976  18.3073
887  3  11  2281.13  38.892
888  3  12  9860.57  85.0563
889  3  13  22498.5  135.233
890  4  4  0  0
891  4  5  0  0
892  4  6  0  0
893  4  7  0  0
894  4  8  17.7324  3.56268
895  4  9  262.675  13.4265
896  4  10  2029.84  37.2958
897  4  11  10684.6  85.5716
898  4  12  17096.8  113.092
899  4  13  14159.8  108.757
900  5  5  0  0
901  5  6  0  0
902  5  7  0  0
903  5  8  44.9123  5.59873
904  5  9  1337.43  29.9384
905  5  10  11654.5  88.209
906  5  11  19258.4  114.153
907  5  12  11705.1  93.0906
908  5  13  4094.65  58.0889
909  6  6  0  0
910  6  7  0  0
911  6  8  478.62  18.3701
912  6  9  13337.4  96.4449
913  6  10  23325.3  126.006
914  6  11  12167.3  91.6189
915  6  12  2514.55  43.0896
916  6  13  1004.1  28.669
917  7  7  0  0
918  7  8  13229.9  95.7661
919  7  9  26096.9  136.034
920  7  10  13218.5  94.934
921  7  11  1386.8  31.0737
922  7  12  310.357  15.0539
923  7  13  188.209  12.4236
924  8  8  11927.8  88.5619
925  8  9  12621.2  92.7198
926  8  10  430.928  16.4917
927  8  11  37.5336  4.8779
928  8  12  10.779  2.70967
929  8  13  2.52865  1.46055
930  9  9  0  0
931  9  10  0  0
932  9  11  0  0
933  9  12  0  0
934  9  13  0  0
935  10  10  0  0
936  10  11  0  0
937  10  12  0  0
938  10  13  0  0
939  11  11  0  0
940  11  12  0  0
941  11  13  0  0
942  12  12  0  0
943  12  13  0  0
944  13  13  0  0
999111  26096.9  919  7  9

9
945  0  0  0  0
946  0  1  0  0
947  0  2  0  0
948  0  3  0  0
949  0  4  0  0
950  0  5  0  0
951  0  6  0  0
952  0  7  0  0
953  0  8  0  0
954  0  9  0  0
955  0  10  0  0
956  0  11  0.642945  0.642945
957  0  12  13.2051  3.41257
958  0  13  175.234  12.6175
959  1  1  0  0
960  1  2  0  0
961  1  3  0  0
962  1  4  0  0
963  1  5  0  0
964  1  6  0  0
965  1  7  0  0
966  1  8  0  0
967  1  9  0  0
968  1  10  0.282335  0.282335
969  1  11  26.4059  4.6155
970  1  12  105.027  9.09898
971  1  13  1221.8  31.9754
972  2  2  0  0
973  2  3  0  0
974  2  4  0  0
975  2  5  0  0
976  2  6  0  0
977  2  7  0  0
978  2  8  0  0
979  2  9  0.459002  0.459002
980  2  10  12.7644  2.96148
981  2  11  87.5746  7.70777
982  2  12  339.732  15.8854
983  2  13  3289.35  51.3057
984  3  3  0  0
985  3  4  0  0
986  3  5  0  0
987  3  6  0  0
988  3  7  0  0
989  3  8  0  0
990  3  9  0.685163  0.685163
991  3  10  33.0692  4.65657
992  3  11  208.834  11.8428
993  3  12  844.867  24.7909
994  3  13  10398.6  90.2756
995  4  4  0  0
996  4  5  0  0
997  4  6  0  0
998  4  7  0  0
999  4  8  0  0
1000  4  9  1.32049  0.933729
1001  4  10  79.8216  7.4056
1002  4  11  482.47  18.1296
1003  4  12  2532.31  43.6285
1004  4  13  23654.8  138.98
1005  5  5  0  0
1006  5  6  0  0
1007  5  7  0  0
1008  5  8  0  0
1009  5  9  13.0711  2.87773
1010  5  10  239.609  12.5732
1011  5  11  1974.22  36.2895
1012  5  12  11819.4  92.8817
1013  5  13  29518.2  154.882
1014  6  6  0  0
1015  6  7  0  0
1016  6  8  0  0
1017  6  9  45.1051  5.61274
1018  6  10  1249.09  29.3257
1019  6  11  12191  91.6659
1020  6  12  22174.6  128.354
1021  6  13  16789.3  117.559
1022  7  7  0  0
1023  7  8  0  0
1024  7  9  477.02  18.1441
1025  7  10  12797.8  93.9407
1026  7  11  22721.1  125.625
1027  7  12  13442.4  99.8964
1028  7  13  3363.24  52.5889
1029  8  8  0  0
1030  8  9  12374.6  92.1209
1031  8  10  23484.5  124.78
1032  8  11  12134.5  89.4821
1033  8  12  1467.88  32.4046
1034  8  13  491.8  19.9421
1035  9  9  13304.3  97.1757
1036  9  10  12553.5  93.0198
1037  9  11  474.408  18.4597
1038  9  12  48.0887  6.14211
1039  9  13  24.9609  4.6408
1040  10  10  0  0
1041  10  11  0  0
1042  10  12  0  0
1043  10  13  0  0
1044  11  11  0  0
1045  11  12  0  0
1046  11  13  0  0
1047  12  12  0  0
1048  12  13  0  0
1049  13  13  0  0
999111  29518.2  1013  5  13

10
1050  0  0  0  0
1051  0  1  0  0
1052  0  2  0  0
1053  0  3  0  0
1054  0  4  0  0
1055  0  5  0  0
1056  0  6  0  0
1057  0  7  0  0
1058  0  8  0  0
1059  0  9  0  0
1060  0  10  0  0
1061  0  11  0  0
1062  0  12  0  0
1063  0  13  0.917633  0.917633
1064  1  1  0  0
1065  1  2  0  0
1066  1  3  0  0
1067  1  4  0  0
1068  1  5  0  0
1069  1  6  0  0
1070  1  7  0  0
1071  1  8  0  0
1072  1  9  0  0
1073  1  10  0  0
1074  1  11  0  0
1075  1  12  1.09879  0.876514
1076  1  13  43.8267  5.9858
1077  2  2  0  0
1078  2  3  0  0
1079  2  4  0  0
1080  2  5  0  0
1081  2  6  0  0
1082  2  7  0  0
1083  2  8  0  0
1084  2  9  0  0
1085  2  10  0  0
1086  2  11  1.38557  0.979747
1087  2  12  16.5288  3.54408
1088  2  13  382.375  17.4623
1089  3  3  0  0
1090  3  4  0  0
1091  3  5  0  0
1092  3  6  0  0
1093  3  7  0  0
1094  3  8  0  0
1095  3  9  0  0
1096  3  10  0  0
1097  3  11  15.0982  3.09496
1098  3  12  84.1422  7.94733
1099  3  13  1154.89  30.0869
1100  4  4  0  0
1101  4  5  0  0
1102  4  6  0  0
1103  4  7  0  0
1104  4  8  0  0
1105  4  9  0  0
1106  4  10  1.10069  0.778305
1107  4  11  31.58  4.60158
1108  4  12  226.34  13.1235
1109  4  13  3615.93  53.9086
1110  5  5  0  0
1111  5  6  0  0
1112  5  7  0  0
1113  5  8  0  0
1114  5  9  0  0
1115  5  10  3.38602  1.51453
1116  5  11  87.6831  7.58707
1117  5  12  530.818  19.6933
1118  5  13  12495.4  98.6274
1119  6  6  0  0
1120  6  7  0  0
1121  6  8  0  0
1122  6  9  0  0
1123  6  10  10.1496  2.56667
1124  6  11  253.737  13.2586
1125  6  12  2128.31  39.7995
1126  6  13  30886.2  157.412
1127  7  7  0  0
1128  7  8  0  0
1129  7  9  0  0
1130  7  10  25.5499  4.17775
1131  7  11  1337.06  30.4353
1132  7  12  13553.6  100.442
1133  7  13  36786.1  173.148
1134  8  8  0  0
1135  8  9  0  0
1136  8  10  406.57  16.7247
1137  8  11  11559.8  88.3426
1138  8  12  23655.9  131.863
1139  8  13  17535.5  119.68
1140  9  9  0  0
1141  9  10  12633.6  92.926
1142  9  11  24402.8  130.067
1143  9  12  13994.3  103.489
1144  9  13  2136.95  42.7779
1145  10  10  12338.3  90.4833
1146  10  11  12263.4  90.3181
1147  10  12  524.609  19.6117
1148  10  13  77.3754  7.98987
1149  11  11  0  0
1150  11  12  0  0
1151  11  13  0  0
1152  12  12  0  0
1153  12  13  0  0
1154  13  13  0  0
999111  36786.1  1133  7  13

11
1155  0  0  0  0
1156  0  1  0  0
1157  0  2  0  0
1158  0  3  0  0
1159  0  4  0  0
1160  0  5  0  0
1161  0  6  0  0
1162  0  7  0  0
1163  0  8  0  0
1164  0  9  0  0
1165  0  10  0  0
1166  0  11  0  0
1167  0  12  0  0
1168  0  13  0  0
1169  1  1  0  0
1170  1  2  0  0
1171  1  3  0  0
1172  1  4  0  0
1173  1  5  0  0
1174  1  6  0  0
1175  1  7  0  0
1176  1  8  0  0
1177  1  9  0  0
1178  1  10  0  0
1179  1  11  0  0
1180  1  12  0  0
1181  1  13  0  0
1182  2  2  0  0
1183  2  3  0  0
1184  2  4  0  0
1185  2  5  0  0
1186  2  6  0  0
1187  2  7  0  0
1188  2  8  0  0
1189  2  9  0  0
1190  2  10  0  0
1191  2  11  0  0
1192  2  12  0  0
1193  2  13  7.85568  2.48488
1194  3  3  0  0
1195  3  4  0  0
1196  3  5  0  0
1197  3  6  0  0
1198  3  7  0  0
1199  3  8  0  0
1200  3  9  0  0
1201  3  10  0  0
1202  3  11  0  0
1203  3  12  0  0
1204  3  13  104.51  8.94155
1205  4  4  0  0
1206  4  5  0  0
1207  4  6  0  0
1208  4  7  0  0
1209  4  8  0  0
1210  4  9  0  0
1211  4  10  0  0
1212  4  11  0  0
1213  4  12  8.71914  2.441
1214  4  13  380.113  17.4573
1215  5  5  0  0
1216  5  6  0  0
1217  5  7  0  0
1218  5  8  0  0
1219  5  9  0  0
1220  5  10  0  0
1221  5  11  0.737496  0.737496
1222  5  12  27.0103  4.38613
1223  5  13  986.39  27.6987
1224  6  6  0  0
1225  6  7  0  0
1226  6  8  0  0
1227  6  9  0  0
1228  6  10  0  0
1229  6  11  2.95571  1.479
1230  6  12  80.0606  7.73683
1231  6  13  3259.7  50.6826
1232  7  7  0  0
1233  7  8  0  0
1234  7  9  0  0
1235  7  10  0  0
1236  7  11  8.9441  2.41826
1237  7  12  227.322  12.9876
1238  7  13  14491.8  106.836
1239  8  8  0  0
1240  8  9  0  0
1241  8  10  0  0
1242  8  11  43.1658  5.34061
1243  8  12  1229.54  30.1685
1244  8  13  34909  167.152
1245  9  9  0  0
1246  9  10  0  0
1247  9  11  369.948  15.8702
1248  9  12  14118.4  103.059
1249  9  13  41600.6  186.856
1250  10  10  0  0
1251  10  11  11941.5  89.8574
1252  10  12  26459.6  139.602
1253  10  13  17760  121.028
1254  11  11  11824.2  89.366
1255  11  12  13500.7  100.144
1256  11  13  570.981  21.9178
1257  12  12  0  0
1258  12  13  0  0
1259  13  13  0  0
999111  41600.6  1249  9  13

12
1260  0  0  0  0
1261  0  1  0  0
1262  0  2  0  0
1263  0  3  0  0
1264  0  4  0  0
1265  0  5  0  0
1266  0  6  0  0
1267  0  7  0  0
1268  0  8  0  0
1269  0  9  0  0
1270  0  10  0  0
1271  0  11  0  0
1272  0  12  0  0
1273  0  13  0  0
1274  1  1  0  0
1275  1  2  0  0
1276  1  3  0  0
1277  1  4  0  0
1278  1  5  0  0
1279  1  6  0  0
1280  1  7  0  0
1281  1  8  0  0
1282  1  9  0  0
1283  1  10  0  0
1284  1  11  0  0
1285  1  12  0  0
1286  1  13  0  0
1287  2  2  0  0
1288  2  3  0  0
1289  2  4  0  0
1290  2  5  0  0
1291  2  6  0  0
1292  2  7  0  0
1293  2  8  0  0
1294  2  9  0  0
1295  2  10  0  0
1296  2  11  0  0
1297  2  12  0  0
1298  2  13  0  0
1299  3  3  0  0
1300  3  4  0  0
1301  3  5  0  0
1302  3  6  0  0
1303  3  7  0  0
1304  3  8  0  0
1305  3  9  0  0
1306  3  10  0  0
1307  3  11  0  0
1308  3  12  0  0
1309  3  13  0.783999  0.783999
1310  4  4  0  0
1311  4  5  0  0
1312  4  6  0  0
1313  4  7  0  0
1314  4  8  0  0
1315  4  9  0  0
1316  4  10  0  0
1317  4  11  0  0
1318  4  12  0  0
1319  4  13  17.1077  3.73597
1320  5  5  0  0
1321  5  6  0  0
1322  5  7  0  0
1323  5  8  0  0
1324  5  9  0  0
1325  5  10  0  0
1326  5  11  0  0
1327  5  12  0  0
1328  5  13  87.9904  8.18971
1329  6  6  0  0
1330  6  7  0  0
1331  6  8  0  0
1332  6  9  0  0
1333  6  10  0  0
1334  6  11  0  0
1335  6  12  0  0
1336  6  13  232.44  13.5333
1337  7  7  0  0
1338  7  8  0  0
1339  7  9  0  0
1340  7  10  0  0
1341  7  11  0  0
1342  7  12  3.02371  1.51261
1343  7  13  639.61  22.4186
1344  8  8  0  0
1345  8  9  0  0
1346  8  10  0  0
1347  8  11  0  0
1348  8  12  10.457  2.7822
1349  8  13  2334.21  42.8209
1350  9  9  0  0
1351  9  10  0  0
1352  9  11  0  0
1353  9  12  37.6929  5.18778
1354  9  13  14276.5  106.358
1355  10  10  0  0
1356  10  11  0  0
1357  10  12  449.688  18.3374
1358  10  13  37850  173.603
1359  11  11  0  0
1360  11  12  13646  101.087
1361  11  13  42612.8  187.944
1362  12  12  14648  107.558
1363  12  13  16422.3  119.43
1364  13  13  0  0
999111  42612.8  1361  11  13

13
1365  0  0  0  0
1366  0  1  0  0
1367  0  2  0  0
1368  0  3  0  0
1369  0  4  0  0
1370  0  5  0  0
1371  0  6  0  0
1372  0  7  0  0
1373  0  8  0  0
1374  0  9  0  0
1375  0  10  0  0
1376  0  11  0  0
1377  0  12  0  0
1378  0  13  0  0
1379  1  1  0  0
1380  1  2  0  0
1381  1  3  0  0
1382  1  4  0  0
1383  1  5  0  0
1384  1  6  0  0
1385  1  7  0  0
1386  1  8  0  0
1387  1  9  0  0
1388  1  10  0  0
1389  1  11  0  0
1390  1  12  0  0
1391  1  13  0  0
1392  2  2  0  0
1393  2  3  0  0
1394  2  4  0  0
1395  2  5  0  0
1396  2  6  0  0
1397  2  7  0  0
1398  2  8  0  0
1399  2  9  0  0
1400  2  10  0  0
1401  2  11  0  0
1402  2  12  0  0
1403  2  13  0  0
1404  3  3  0  0
1405  3  4  0  0
1406  3  5  0  0
1407  3  6  0  0
1408  3  7  0  0
1409  3  8  0  0
1410  3  9  0  0
1411  3  10  0  0
1412  3  11  0  0
1413  3  12  0  0
1414  3  13  0  0
1415  4  4  0  0
1416  4  5  0  0
1417  4  6  0  0
1418  4  7  0  0
1419  4  8  0  0
1420  4  9  0  0
1421  4  10  0  0
1422  4  11  0  0
1423  4  12  0  0
1424  4  13  0  0
1425  5  5  0  0
1426  5  6  0  0
1427  5  7  0  0
1428  5  8  0  0
1429  5  9  0  0
1430  5  10  0  0
1431  5  11  0  0
1432  5  12  0  0
1433  5  13  1.4856  1.05048
1434  6  6  0  0
1435  6  7  0  0
1436  6  8  0  0
1437  6  9  0  0
1438  6  10  0  0
1439  6  11  0  0
1440  6  12  0  0
1441  6  13  12.4639  3.11654
1442  7  7  0  0
1443  7  8  0  0
1444  7  9  0  0
1445  7  10  0  0
1446  7  11  0  0
1447  7  12  0  0
1448  7  13  32.1193  5.02013
1449  8  8  0  0
1450  8  9  0  0
1451  8  10  0  0
1452  8  11  0  0
1453  8  12  0  0
1454  8  13  66.8212  7.22247
1455  9  9  0  0
1456  9  10  0  0
1457  9  11  0  0
1458  9  12  0  0
1459  9  13  229.542  13.4784
1460  10  10  0  0
1461  10  11  0  0
1462  10  12  0  0
1463  10  13  1214.09  30.7013
1464  11  11  0  0
1465  11  12  0  0
1466  11  13  13087.7  101.271
1467  12  12  0  0
1468  12  13  43463.4  191.253
1469  13  13  59191.4  229.81
999111  59191.4  1469  13  13


