0
0  0  0  62778.1  242.844
1  0  1  48466.3  211.799
2  0  2  15705.9  119.854
3  0  3  1483.51  36.5559
4  0  4  233.622  14.602
5  0  5  66.8051  7.7165
6  0  6  28.3646  5.01422
7  0  7  7.94117  2.64706
8  0  8  0.873591  0.873591
9  0  9  0  0
10  0  10  0  0
11  0  11  0  0
12  0  12  0  0
13  0  13  0  0
14  1  1  0  0
15  1  2  0  0
16  1  3  0  0
17  1  4  0  0
18  1  5  0  0
19  1  6  0  0
20  1  7  0  0
21  1  8  0  0
22  1  9  0  0
23  1  10  0  0
24  1  11  0  0
25  1  12  0  0
26  1  13  0  0
27  2  2  0  0
28  2  3  0  0
29  2  4  0  0
30  2  5  0  0
31  2  6  0  0
32  2  7  0  0
33  2  8  0  0
34  2  9  0  0
35  2  10  0  0
36  2  11  0  0
37  2  12  0  0
38  2  13  0  0
39  3  3  0  0
40  3  4  0  0
41  3  5  0  0
42  3  6  0  0
43  3  7  0  0
44  3  8  0  0
45  3  9  0  0
46  3  10  0  0
47  3  11  0  0
48  3  12  0  0
49  3  13  0  0
50  4  4  0  0
51  4  5  0  0
52  4  6  0  0
53  4  7  0  0
54  4  8  0  0
55  4  9  0  0
56  4  10  0  0
57  4  11  0  0
58  4  12  0  0
59  4  13  0  0
60  5  5  0  0
61  5  6  0  0
62  5  7  0  0
63  5  8  0  0
64  5  9  0  0
65  5  10  0  0
66  5  11  0  0
67  5  12  0  0
68  5  13  0  0
69  6  6  0  0
70  6  7  0  0
71  6  8  0  0
72  6  9  0  0
73  6  10  0  0
74  6  11  0  0
75  6  12  0  0
76  6  13  0  0
77  7  7  0  0
78  7  8  0  0
79  7  9  0  0
80  7  10  0  0
81  7  11  0  0
82  7  12  0  0
83  7  13  0  0
84  8  8  0  0
85  8  9  0  0
86  8  10  0  0
87  8  11  0  0
88  8  12  0  0
89  8  13  0  0
90  9  9  0  0
91  9  10  0  0
92  9  11  0  0
93  9  12  0  0
94  9  13  0  0
95  10  10  0  0
96  10  11  0  0
97  10  12  0  0
98  10  13  0  0
99  11  11  0  0
100  11  12  0  0
101  11  13  0  0
102  12  12  0  0
103  12  13  0  0
104  13  13  0  0
999111  62778.1  0  0  0

1
105  0  0  0  0
106  0  1  17643.6  127.963
107  0  2  46936.8  207.09
108  0  3  43148.1  197.127
109  0  4  16578.4  123.013
110  0  5  2674.99  49.0236
111  0  6  675.439  24.4687
112  0  7  288.629  15.9613
113  0  8  110.439  9.92127
114  0  9  23.2697  4.65436
115  0  10  0.888382  0.888382
116  0  11  0  0
117  0  12  0  0
118  0  13  0  0
119  1  1  17549.6  126.598
120  1  2  17417  125.804
121  1  3  491.626  21.0209
122  1  4  44.5157  6.35962
123  1  5  8.15055  2.71688
124  1  6  0  0
125  1  7  0  0
126  1  8  0  0
127  1  9  0  0
128  1  10  0  0
129  1  11  0  0
130  1  12  0  0
131  1  13  0  0
132  2  2  0  0
133  2  3  0  0
134  2  4  0  0
135  2  5  0  0
136  2  6  0  0
137  2  7  0  0
138  2  8  0  0
139  2  9  0  0
140  2  10  0  0
141  2  11  0  0
142  2  12  0  0
143  2  13  0  0
144  3  3  0  0
145  3  4  0  0
146  3  5  0  0
147  3  6  0  0
148  3  7  0  0
149  3  8  0  0
150  3  9  0  0
151  3  10  0  0
152  3  11  0  0
153  3  12  0  0
154  3  13  0  0
155  4  4  0  0
156  4  5  0  0
157  4  6  0  0
158  4  7  0  0
159  4  8  0  0
160  4  9  0  0
161  4  10  0  0
162  4  11  0  0
163  4  12  0  0
164  4  13  0  0
165  5  5  0  0
166  5  6  0  0
167  5  7  0  0
168  5  8  0  0
169  5  9  0  0
170  5  10  0  0
171  5  11  0  0
172  5  12  0  0
173  5  13  0  0
174  6  6  0  0
175  6  7  0  0
176  6  8  0  0
177  6  9  0  0
178  6  10  0  0
179  6  11  0  0
180  6  12  0  0
181  6  13  0  0
182  7  7  0  0
183  7  8  0  0
184  7  9  0  0
185  7  10  0  0
186  7  11  0  0
187  7  12  0  0
188  7  13  0  0
189  8  8  0  0
190  8  9  0  0
191  8  10  0  0
192  8  11  0  0
193  8  12  0  0
194  8  13  0  0
195  9  9  0  0
196  9  10  0  0
197  9  11  0  0
198  9  12  0  0
199  9  13  0  0
200  10  10  0  0
201  10  11  0  0
202  10  12  0  0
203  10  13  0  0
204  11  11  0  0
205  11  12  0  0
206  11  13  0  0
207  12  12  0  0
208  12  13  0  0
209  13  13  0  0
999111  46936.8  107  0  2

2
210  0  0  0  0
211  0  1  0  0
212  0  2  609.479  23.5114
213  0  3  18860  130.354
214  0  4  45939.5  205.727
215  0  5  39867.9  188.828
216  0  6  16281  120.156
217  0  7  3776.01  57.7452
218  0  8  1161.99  32.215
219  0  9  426.992  19.8269
220  0  10  142.349  11.2895
221  0  11  17.3068  3.97048
222  0  12  0.917072  0.917072
223  0  13  0  0
224  1  1  0  0
225  1  2  16421.3  121.089
226  1  3  32932.3  171.023
227  1  4  17849.7  127.114
228  1  5  1613.29  37.9831
229  1  6  317.563  16.7141
230  1  7  102.485  9.47492
231  1  8  37.1579  5.73575
232  1  9  11.1022  3.20528
233  1  10  1.77124  1.25245
234  1  11  0  0
235  1  12  0  0
236  1  13  0  0
237  2  2  16073.4  119.53
238  2  3  16349.9  120.312
239  2  4  591.775  23.053
240  2  5  48.6904  6.56732
241  2  6  22.7563  4.46288
242  2  7  7.84946  2.61649
243  2  8  0  0
244  2  9  0  0
245  2  10  0  0
246  2  11  0  0
247  2  12  0  0
248  2  13  0  0
249  3  3  0  0
250  3  4  0  0
251  3  5  0  0
252  3  6  0  0
253  3  7  0  0
254  3  8  0  0
255  3  9  0  0
256  3  10  0  0
257  3  11  0  0
258  3  12  0  0
259  3  13  0  0
260  4  4  0  0
261  4  5  0  0
262  4  6  0  0
263  4  7  0  0
264  4  8  0  0
265  4  9  0  0
266  4  10  0  0
267  4  11  0  0
268  4  12  0  0
269  4  13  0  0
270  5  5  0  0
271  5  6  0  0
272  5  7  0  0
273  5  8  0  0
274  5  9  0  0
275  5  10  0  0
276  5  11  0  0
277  5  12  0  0
278  5  13  0  0
279  6  6  0  0
280  6  7  0  0
281  6  8  0  0
282  6  9  0  0
283  6  10  0  0
284  6  11  0  0
285  6  12  0  0
286  6  13  0  0
287  7  7  0  0
288  7  8  0  0
289  7  9  0  0
290  7  10  0  0
291  7  11  0  0
292  7  12  0  0
293  7  13  0  0
294  8  8  0  0
295  8  9  0  0
296  8  10  0  0
297  8  11  0  0
298  8  12  0  0
299  8  13  0  0
300  9  9  0  0
301  9  10  0  0
302  9  11  0  0
303  9  12  0  0
304  9  13  0  0
305  10  10  0  0
306  10  11  0  0
307  10  12  0  0
308  10  13  0  0
309  11  11  0  0
310  11  12  0  0
311  11  13  0  0
312  12  12  0  0
313  12  13  0  0
314  13  13  0  0
999111  45939.5  214  0  4

3
315  0  0  0  0
316  0  1  0  0
317  0  2  0  0
318  0  3  69.0047  7.86389
319  0  4  2273.14  45.9262
320  0  5  19361.8  131.103
321  0  6  40139.4  189.116
322  0  7  34155.1  173.824
323  0  8  14330  113.15
324  0  9  4077.83  61.3971
325  0  10  1446.8  36.0369
326  0  11  441.952  20.1099
327  0  12  61.6682  7.53411
328  0  13  1.86129  1.31613
329  1  1  0  0
330  1  2  0  0
331  1  3  637.035  23.6429
332  1  4  17066.7  124.473
333  1  5  30193.8  163.041
334  1  6  16360.4  119.914
335  1  7  2620.91  47.9156
336  1  8  643.518  23.8593
337  1  9  290.407  16.3144
338  1  10  122.584  10.4356
339  1  11  29.9143  5.20746
340  1  12  3.66316  1.83161
341  1  13  0  0
342  2  2  0  0
343  2  3  16335.5  119.032
344  2  4  32332.9  170.031
345  2  5  16025.3  118.815
346  2  6  1712.93  38.6435
347  2  7  305.128  16.2642
348  2  8  140.818  11.1378
349  2  9  47.9289  6.58468
350  2  10  11.4673  3.18069
351  2  11  3.58214  1.7911
352  2  12  0  0
353  2  13  0  0
354  3  3  16428.1  119.123
355  3  4  16726.5  121.433
356  3  5  534.628  21.6855
357  3  6  40.459  5.90157
358  3  7  13.7179  3.42947
359  3  8  4.44882  1.99007
360  3  9  0  0
361  3  10  0.86419  0.86419
362  3  11  0  0
363  3  12  0  0
364  3  13  0  0
365  4  4  0  0
366  4  5  0  0
367  4  6  0  0
368  4  7  0  0
369  4  8  0  0
370  4  9  0  0
371  4  10  0  0
372  4  11  0  0
373  4  12  0  0
374  4  13  0  0
375  5  5  0  0
376  5  6  0  0
377  5  7  0  0
378  5  8  0  0
379  5  9  0  0
380  5  10  0  0
381  5  11  0  0
382  5  12  0  0
383  5  13  0  0
384  6  6  0  0
385  6  7  0  0
386  6  8  0  0
387  6  9  0  0
388  6  10  0  0
389  6  11  0  0
390  6  12  0  0
391  6  13  0  0
392  7  7  0  0
393  7  8  0  0
394  7  9  0  0
395  7  10  0  0
396  7  11  0  0
397  7  12  0  0
398  7  13  0  0
399  8  8  0  0
400  8  9  0  0
401  8  10  0  0
402  8  11  0  0
403  8  12  0  0
404  8  13  0  0
405  9  9  0  0
406  9  10  0  0
407  9  11  0  0
408  9  12  0  0
409  9  13  0  0
410  10  10  0  0
411  10  11  0  0
412  10  12  0  0
413  10  13  0  0
414  11  11  0  0
415  11  12  0  0
416  11  13  0  0
417  12  12  0  0
418  12  13  0  0
419  13  13  0  0
999111  40139.4  321  0  6

4
420  0  0  0  0
421  0  1  0  0
422  0  2  0  0
423  0  3  0  0
424  0  4  26.9782  5.00979
425  0  5  530.136  21.6484
426  0  6  3835.29  58.5291
427  0  7  18199.8  127.123
428  0  8  32831.6  172.467
429  0  9  27208.8  158.519
430  0  10  11868.2  103.171
431  0  11  3819.31  59.1107
432  0  12  1334.23  35.088
433  0  13  193.327  13.4374
434  1  1  0  0
435  1  2  0  0
436  1  3  0  0
437  1  4  53.0026  6.9597
438  1  5  2008.24  41.6309
439  1  6  16380.6  119.785
440  1  7  26065  150.846
441  1  8  14521.6  113.375
442  1  9  3350.07  55.447
443  1  10  878.321  27.9305
444  1  11  394.846  18.9103
445  1  12  153.107  11.8129
446  1  13  18.5313  4.14381
447  2  2  0  0
448  2  3  0  0
449  2  4  518.737  21.5404
450  2  5  16236.7  117.805
451  2  6  29219.7  159.023
452  2  7  15733.1  116.677
453  2  8  2607.09  47.7207
454  2  9  742.223  25.9107
455  2  10  293.88  16.0817
456  2  11  122.447  10.5005
457  2  12  25.2336  4.76911
458  2  13  0.897655  0.897655
459  3  3  0  0
460  3  4  16895.8  122.063
461  3  5  31413.2  163.946
462  3  6  16519.7  118.922
463  3  7  1562.44  36.545
464  3  8  328.2  16.821
465  3  9  104.901  9.65923
466  3  10  32.0471  5.26889
467  3  11  11.5483  3.20298
468  3  12  2.7084  1.5637
469  3  13  0.904529  0.904529
470  4  4  17283  124.714
471  4  5  17132.1  122.807
472  4  6  632.514  23.3626
473  4  7  45.5881  6.26208
474  4  8  7.83004  2.61124
475  4  9  2.66425  1.5385
476  4  10  0  0
477  4  11  0  0
478  4  12  0  0
479  4  13  0  0
480  5  5  0  0
481  5  6  0  0
482  5  7  0  0
483  5  8  0  0
484  5  9  0  0
485  5  10  0  0
486  5  11  0  0
487  5  12  0  0
488  5  13  0  0
489  6  6  0  0
490  6  7  0  0
491  6  8  0  0
492  6  9  0  0
493  6  10  0  0
494  6  11  0  0
495  6  12  0  0
496  6  13  0  0
497  7  7  0  0
498  7  8  0  0
499  7  9  0  0
500  7  10  0  0
501  7  11  0  0
502  7  12  0  0
503  7  13  0  0
504  8  8  0  0
505  8  9  0  0
506  8  10  0  0
507  8  11  0  0
508  8  12  0  0
509  8  13  0  0
510  9  9  0  0
511  9  10  0  0
512  9  11  0  0
513  9  12  0  0
514  9  13  0  0
515  10  10  0  0
516  10  11  0  0
517  10  12  0  0
518  10  13  0  0
519  11  11  0  0
520  11  12  0  0
521  11  13  0  0
522  12  12  0  0
523  12  13  0  0
524  13  13  0  0
999111  32831.6  428  0  8

5
525  0  0  0  0
526  0  1  0  0
527  0  2  0  0
528  0  3  0  0
529  0  4  0  0
530  0  5  3.47338  1.73671
531  0  6  207.119  13.5981
532  0  7  1138.79  31.781
533  0  8  4452.78  63.8374
534  0  9  15959.3  121.176
535  0  10  24897.4  149.9
536  0  11  20022.8  135.499
537  0  12  9446.83  93.3801
538  0  13  3819.07  59.7691
539  1  1  0  0
540  1  2  0  0
541  1  3  0  0
542  1  4  0  0
543  1  5  11.976  3.20077
544  1  6  401.941  18.7613
545  1  7  2873.35  50.0194
546  1  8  14560.6  114.176
547  1  9  21995.4  141.429
548  1  10  12239.2  104.212
549  1  11  3375.19  55.2881
550  1  12  1115.47  31.9108
551  1  13  463.216  20.7164
552  2  2  0  0
553  2  3  0  0
554  2  4  0  0
555  2  5  47.1988  6.30771
556  2  6  1656.51  37.7573
557  2  7  15471.5  115.191
558  2  8  24632.3  147.061
559  2  9  14128.6  113.074
560  2  10  3186.56  52.8798
561  2  11  1020.89  30.2388
562  2  12  452.285  20.2083
563  2  13  145.489  11.5388
564  3  3  0  0
565  3  4  0  0
566  3  5  617.012  22.6373
567  3  6  16694  119.168
568  3  7  28747.7  156.226
569  3  8  15462.4  115.314
570  3  9  2632.42  48.5181
571  3  10  636.231  23.4538
572  3  11  264.041  15.2706
573  3  12  131.543  10.8133
574  3  13  41.4784  6.11595
575  4  4  0  0
576  4  5  16403.6  119.223
577  4  6  32728.5  168.837
578  4  7  17090.4  121.504
579  4  8  1951.58  41.111
580  4  9  369.491  18.2962
581  4  10  107.85  9.72524
582  4  11  33.8695  5.49458
583  4  12  10.7949  3.11638
584  4  13  2.75295  1.58948
585  5  5  16422.8  117.983
586  5  6  16920.6  120.296
587  5  7  572.355  22.2127
588  5  8  48.3225  6.45904
589  5  9  24.3519  4.68747
590  5  10  2.62678  1.51663
591  5  11  0  0
592  5  12  0  0
593  5  13  0  0
594  6  6  0  0
595  6  7  0  0
596  6  8  0  0
597  6  9  0  0
598  6  10  0  0
599  6  11  0  0
600  6  12  0  0
601  6  13  0  0
602  7  7  0  0
603  7  8  0  0
604  7  9  0  0
605  7  10  0  0
606  7  11  0  0
607  7  12  0  0
608  7  13  0  0
609  8  8  0  0
610  8  9  0  0
611  8  10  0  0
612  8  11  0  0
613  8  12  0  0
614  8  13  0  0
615  9  9  0  0
616  9  10  0  0
617  9  11  0  0
618  9  12  0  0
619  9  13  0  0
620  10  10  0  0
621  10  11  0  0
622  10  12  0  0
623  10  13  0  0
624  11  11  0  0
625  11  12  0  0
626  11  13  0  0
627  12  12  0  0
628  12  13  0  0
629  13  13  0  0
999111  32728.5  577  4  6

6
630  0  0  0  0
631  0  1  0  0
632  0  2  0  0
633  0  3  0  0
634  0  4  0  0
635  0  5  0  0
636  0  6  0  0
637  0  7  64.7906  7.58322
638  0  8  453.937  20.3492
639  0  9  1413.74  36.0446
640  0  10  4390.22  63.0628
641  0  11  12387  106.851
642  0  12  18429.8  130.738
643  0  13  21170.9  140.824
644  1  1  0  0
645  1  2  0  0
646  1  3  0  0
647  1  4  0  0
648  1  5  0  0
649  1  6  4.3869  1.96192
650  1  7  137.635  10.9498
651  1  8  668.501  24.4692
652  1  9  3272.6  54.2912
653  1  10  11571.8  101.412
654  1  11  16198.7  121.079
655  1  12  9294.9  92.1046
656  1  13  4045.67  61.1946
657  2  2  0  0
658  2  3  0  0
659  2  4  0  0
660  2  5  0  0
661  2  6  7.70185  2.56728
662  2  7  355.42  17.4692
663  2  8  2561.01  47.6486
664  2  9  13873.9  111.053
665  2  10  20291.4  133.333
666  2  11  11348  100.714
667  2  12  3287.03  54.479
668  2  13  1372.29  35.4233
669  3  3  0  0
670  3  4  0  0
671  3  5  0  0
672  3  6  73.32  7.90661
673  3  7  1824.27  39.2531
674  3  8  15752.7  117.188
675  3  9  25538.2  150.269
676  3  10  13402.8  107.59
677  3  11  3036.6  51.7535
678  3  12  962.992  29.2641
679  3  13  539.766  22.0556
680  4  4  0  0
681  4  5  0  0
682  4  6  526.416  21.4914
683  4  7  17087.5  121.9
684  4  8  30168.7  163.31
685  4  9  15894  119.971
686  4  10  2709.59  48.6771
687  4  11  750.113  25.8981
688  4  12  301.494  16.4981
689  4  13  152.289  11.7849
690  5  5  0  0
691  5  6  16826  118.537
692  5  7  32337  164.944
693  5  8  16039.8  117.23
694  5  9  1753.01  39.7119
695  5  10  331.442  16.941
696  5  11  127.829  10.6542
697  5  12  36.7757  5.74456
698  5  13  17.2431  3.95647
699  6  6  17358.3  120.974
700  6  7  16801.7  118.726
701  6  8  629.524  22.9925
702  6  9  64.936  7.55011
703  6  10  23.0399  4.43423
704  6  11  5.21381  2.12856
705  6  12  3.48313  1.74157
706  6  13  0  0
707  7  7  0  0
708  7  8  0  0
709  7  9  0  0
710  7  10  0  0
711  7  11  0  0
712  7  12  0  0
713  7  13  0  0
714  8  8  0  0
715  8  9  0  0
716  8  10  0  0
717  8  11  0  0
718  8  12  0  0
719  8  13  0  0
720  9  9  0  0
721  9  10  0  0
722  9  11  0  0
723  9  12  0  0
724  9  13  0  0
725  10  10  0  0
726  10  11  0  0
727  10  12  0  0
728  10  13  0  0
729  11  11  0  0
730  11  12  0  0
731  11  13  0  0
732  12  12  0  0
733  12  13  0  0
734  13  13  0  0
999111  32337  692  5  7

7
735  0  0  0  0
736  0  1  0  0
737  0  2  0  0
738  0  3  0  0
739  0  4  0  0
740  0  5  0  0
741  0  6  0  0
742  0  7  0.890308  0.890308
743  0  8  16.6814  3.93253
744  0  9  156.472  11.9677
745  0  10  600.627  23.3275
746  0  11  1474.98  36.8754
747  0  12  4185.55  62.4035
748  0  13  21137.4  140.903
749  1  1  0  0
750  1  2  0  0
751  1  3  0  0
752  1  4  0  0
753  1  5  0  0
754  1  6  0  0
755  1  7  0.866901  0.866901
756  1  8  45.1508  6.38729
757  1  9  316.706  16.9079
758  1  10  1033.97  30.321
759  1  11  3343.18  55.0152
760  1  12  9780.74  94.5136
761  1  13  19114.5  132.946
762  2  2  0  0
763  2  3  0  0
764  2  4  0  0
765  2  5  0  0
766  2  6  0  0
767  2  7  14.485  3.51323
768  2  8  175.684  12.4901
769  2  9  703.397  25.0006
770  2  10  2896.78  50.3631
771  2  11  11024.8  99.1383
772  2  12  16118.9  120.487
773  2  13  11799.1  103.83
774  3  3  0  0
775  3  4  0  0
776  3  5  0  0
777  3  6  0  0
778  3  7  12.7495  3.29203
779  3  8  348.808  17.4899
780  3  9  2900.51  50.3041
781  3  10  13585.2  108.317
782  3  11  20282  133.605
783  3  12  11865.1  102.67
784  3  13  4561.85  64.1148
785  4  4  0  0
786  4  5  0  0
787  4  6  0  0
788  4  7  62.5533  7.37225
789  4  8  1633.03  38.4583
790  4  9  15860  119.433
791  4  10  25242  149.211
792  4  11  14145.5  112.516
793  4  12  3648.05  57.3483
794  4  13  1606.07  38.3288
795  5  5  0  0
796  5  6  0  0
797  5  7  590.966  22.0732
798  5  8  15658.6  116.008
799  5  9  29566.5  160.915
800  5  10  15376.9  115.013
801  5  11  2608.84  47.9477
802  5  12  731.816  25.4863
803  5  13  458.5  20.3084
804  6  6  0  0
805  6  7  16961.7  119.283
806  6  8  32191.6  166.019
807  6  9  16781.9  121.525
808  6  10  1859.07  39.7364
809  6  11  351.573  17.4701
810  6  12  162.229  11.9275
811  6  13  73.559  8.07425
812  7  7  17076.9  119.393
813  7  8  16537.5  117.873
814  7  9  613.738  23.2501
815  7  10  47.5388  6.35292
816  7  11  22.4814  4.40903
817  7  12  5.24594  2.1417
818  7  13  1.76164  1.24567
819  8  8  0  0
820  8  9  0  0
821  8  10  0  0
822  8  11  0  0
823  8  12  0  0
824  8  13  0  0
825  9  9  0  0
826  9  10  0  0
827  9  11  0  0
828  9  12  0  0
829  9  13  0  0
830  10  10  0  0
831  10  11  0  0
832  10  12  0  0
833  10  13  0  0
834  11  11  0  0
835  11  12  0  0
836  11  13  0  0
837  12  12  0  0
838  12  13  0  0
839  13  13  0  0
999111  32191.6  806  6  8

8
840  0  0  0  0
841  0  1  0  0
842  0  2  0  0
843  0  3  0  0
844  0  4  0  0
845  0  5  0  0
846  0  6  0  0
847  0  7  0  0
848  0  8  0  0
849  0  9  0  0
850  0  10  22.707  4.5416
851  0  11  133.035  11.0864
852  0  12  574.771  23.1401
853  0  13  3770.82  59.5634
854  1  1  0  0
855  1  2  0  0
856  1  3  0  0
857  1  4  0  0
858  1  5  0  0
859  1  6  0  0
860  1  7  0  0
861  1  8  0  0
862  1  9  8.86302  2.80275
863  1  10  111.007  9.92936
864  1  11  493.309  21.1318
865  1  12  1139.52  32.2703
866  1  13  10022  96.181
867  2  2  0  0
868  2  3  0  0
869  2  4  0  0
870  2  5  0  0
871  2  6  0  0
872  2  7  0  0
873  2  8  1.78583  1.26278
874  2  9  40.5329  5.97732
875  2  10  253.47  14.9375
876  2  11  957.607  29.2225
877  2  12  3194.95  53.5973
878  2  13  19768.4  134.149
879  3  3  0  0
880  3  4  0  0
881  3  5  0  0
882  3  6  0  0
883  3  7  0  0
884  3  8  0.883577  0.883577
885  3  9  142.603  11.1714
886  3  10  681.48  24.2787
887  3  11  3107.37  52.2881
888  3  12  12230.4  104.187
889  3  13  25011.7  149.981
890  4  4  0  0
891  4  5  0  0
892  4  6  0  0
893  4  7  0  0
894  4  8  22.7248  4.54553
895  4  9  349.916  17.6993
896  4  10  2692.67  48.9291
897  4  11  14400.3  114.032
898  4  12  21519.5  139.696
899  4  13  15563.8  119.358
900  5  5  0  0
901  5  6  0  0
902  5  7  0  0
903  5  8  56.8928  7.05905
904  5  9  1732.33  38.4535
905  5  10  15162.8  113.583
906  5  11  25283  148.445
907  5  12  14392.7  112.809
908  5  13  4469.76  63.3142
909  6  6  0  0
910  6  7  0  0
911  6  8  606.301  23.0833
912  6  9  16791.8  120.597
913  6  10  29776.3  159.433
914  6  11  15576.1  116.283
915  6  12  3052.94  51.6791
916  6  13  1091.86  31.1331
917  7  7  0  0
918  7  8  16929.1  120.908
919  7  9  32467.8  167.98
920  7  10  16746.7  119.075
921  7  11  1749.77  38.8747
922  7  12  379.648  18.2031
923  7  13  203.355  13.409
924  8  8  16267.1  118.915
925  8  9  16686.5  121.366
926  8  10  593.593  22.3104
927  8  11  52.2071  6.68452
928  8  12  14.9441  3.62586
929  8  13  2.67161  1.54303
930  9  9  0  0
931  9  10  0  0
932  9  11  0  0
933  9  12  0  0
934  9  13  0  0
935  10  10  0  0
936  10  11  0  0
937  10  12  0  0
938  10  13  0  0
939  11  11  0  0
940  11  12  0  0
941  11  13  0  0
942  12  12  0  0
943  12  13  0  0
944  13  13  0  0
999111  32467.8  919  7  9

9
945  0  0  0  0
946  0  1  0  0
947  0  2  0  0
948  0  3  0  0
949  0  4  0  0
950  0  5  0  0
951  0  6  0  0
952  0  7  0  0
953  0  8  0  0
954  0  9  0  0
955  0  10  0  0
956  0  11  0.92423  0.92423
957  0  12  14.0214  3.62037
958  0  13  181.962  13.0981
959  1  1  0  0
960  1  2  0  0
961  1  3  0  0
962  1  4  0  0
963  1  5  0  0
964  1  6  0  0
965  1  7  0  0
966  1  8  0  0
967  1  9  0  0
968  1  10  0.902491  0.902491
969  1  11  30.0101  5.22426
970  1  12  125.306  10.7061
971  1  13  1357.75  35.4018
972  2  2  0  0
973  2  3  0  0
974  2  4  0  0
975  2  5  0  0
976  2  6  0  0
977  2  7  0  0
978  2  8  0  0
979  2  9  0.867586  0.867586
980  2  10  16.6203  3.81324
981  2  11  118.066  10.2771
982  2  12  425.226  19.5745
983  2  13  3752.24  58.4057
984  3  3  0  0
985  3  4  0  0
986  3  5  0  0
987  3  6  0  0
988  3  7  0  0
989  3  8  0  0
990  3  9  0.874229  0.874229
991  3  10  45.1539  6.26212
992  3  11  279.728  15.712
993  3  12  1057.58  30.6465
994  3  13  11987.1  103.685
995  4  4  0  0
996  4  5  0  0
997  4  6  0  0
998  4  7  0  0
999  4  8  0  0
1000  4  9  1.78483  1.26206
1001  4  10  105.664  9.68699
1002  4  11  654.934  24.3082
1003  4  12  3190.22  53.9432
1004  4  13  26731.8  156.73
1005  5  5  0  0
1006  5  6  0  0
1007  5  7  0  0
1008  5  8  0  0
1009  5  9  17.9135  3.91025
1010  5  10  316.25  16.4241
1011  5  11  2612.24  47.5157
1012  5  12  14596.4  113.008
1013  5  13  32500.6  170.253
1014  6  6  0  0
1015  6  7  0  0
1016  6  8  0  0
1017  6  9  55.6536  6.90299
1018  6  10  1584.9  36.9091
1019  6  11  15701.4  117.007
1020  6  12  26878.5  153.585
1021  6  13  18148.4  126.92
1022  7  7  0  0
1023  7  8  0  0
1024  7  9  599.624  22.5997
1025  7  10  16119.2  117.208
1026  7  11  28873  158.093
1027  7  12  16197.4  118.822
1028  7  13  3624.09  56.5926
1029  8  8  0  0
1030  8  9  16453.3  121.067
1031  8  10  31679.3  165.696
1032  8  11  16404.9  119.541
1033  8  12  1868.84  40.3813
1034  8  13  544.139  22.021
1035  9  9  17158.4  124.612
1036  9  10  16479.2  121.039
1037  9  11  611.536  23.6617
1038  9  12  58.3376  7.35013
1039  9  13  27.0958  5.03211
1040  10  10  0  0
1041  10  11  0  0
1042  10  12  0  0
1043  10  13  0  0
1044  11  11  0  0
1045  11  12  0  0
1046  11  13  0  0
1047  12  12  0  0
1048  12  13  0  0
1049  13  13  0  0
999111  32500.6  1013  5  13

10
1050  0  0  0  0
1051  0  1  0  0
1052  0  2  0  0
1053  0  3  0  0
1054  0  4  0  0
1055  0  5  0  0
1056  0  6  0  0
1057  0  7  0  0
1058  0  8  0  0
1059  0  9  0  0
1060  0  10  0  0
1061  0  11  0  0
1062  0  12  0  0
1063  0  13  0.945041  0.945041
1064  1  1  0  0
1065  1  2  0  0
1066  1  3  0  0
1067  1  4  0  0
1068  1  5  0  0
1069  1  6  0  0
1070  1  7  0  0
1071  1  8  0  0
1072  1  9  0  0
1073  1  10  0  0
1074  1  11  0  0
1075  1  12  1.83935  1.30064
1076  1  13  49.6513  6.75684
1077  2  2  0  0
1078  2  3  0  0
1079  2  4  0  0
1080  2  5  0  0
1081  2  6  0  0
1082  2  7  0  0
1083  2  8  0  0
1084  2  9  0  0
1085  2  10  0  0
1086  2  11  1.81721  1.28496
1087  2  12  21.6015  4.40978
1088  2  13  437.928  19.9486
1089  3  3  0  0
1090  3  4  0  0
1091  3  5  0  0
1092  3  6  0  0
1093  3  7  0  0
1094  3  8  0  0
1095  3  9  0  0
1096  3  10  0  0
1097  3  11  22.0594  4.4122
1098  3  12  101.262  9.48446
1099  3  13  1331.74  34.572
1100  4  4  0  0
1101  4  5  0  0
1102  4  6  0  0
1103  4  7  0  0
1104  4  8  0  0
1105  4  9  0  0
1106  4  10  1.79794  1.27134
1107  4  11  43.3729  6.26065
1108  4  12  278.273  15.9089
1109  4  13  4156.37  61.8391
1110  5  5  0  0
1111  5  6  0  0
1112  5  7  0  0
1113  5  8  0  0
1114  5  9  0  0
1115  5  10  4.38903  1.96323
1116  5  11  120.609  10.2702
1117  5  12  656.874  23.9932
1118  5  13  14250.2  112.22
1119  6  6  0  0
1120  6  7  0  0
1121  6  8  0  0
1122  6  9  0  0
1123  6  10  13.7918  3.44795
1124  6  11  324.643  16.8322
1125  6  12  2584.29  47.7112
1126  6  13  34333.4  174.651
1127  7  7  0  0
1128  7  8  0  0
1129  7  9  0  0
1130  7  10  32.5623  5.28233
1131  7  11  1712.97  38.5648
1132  7  12  16364.2  119.654
1133  7  13  40029.3  188.112
1134  8  8  0  0
1135  8  9  0  0
1136  8  10  538.287  21.9077
1137  8  11  15749.3  118.738
1138  8  12  29946.4  163.393
1139  8  13  19227.2  131.005
1140  9  9  0  0
1141  9  10  16521.5  120.537
1142  9  11  32230.6  170.435
1143  9  12  17145  125.207
1144  9  13  2329.65  46.5716
1145  10  10  16307.2  118.722
1146  10  11  16523.8  120.2
1147  10  12  640.184  23.6947
1148  10  13  83.9935  8.66346
1149  11  11  0  0
1150  11  12  0  0
1151  11  13  0  0
1152  12  12  0  0
1153  12  13  0  0
1154  13  13  0  0
999111  40029.3  1133  7  13

11
1155  0  0  0  0
1156  0  1  0  0
1157  0  2  0  0
1158  0  3  0  0
1159  0  4  0  0
1160  0  5  0  0
1161  0  6  0  0
1162  0  7  0  0
1163  0  8  0  0
1164  0  9  0  0
1165  0  10  0  0
1166  0  11  0  0
1167  0  12  0  0
1168  0  13  0  0
1169  1  1  0  0
1170  1  2  0  0
1171  1  3  0  0
1172  1  4  0  0
1173  1  5  0  0
1174  1  6  0  0
1175  1  7  0  0
1176  1  8  0  0
1177  1  9  0  0
1178  1  10  0  0
1179  1  11  0  0
1180  1  12  0  0
1181  1  13  0  0
1182  2  2  0  0
1183  2  3  0  0
1184  2  4  0  0
1185  2  5  0  0
1186  2  6  0  0
1187  2  7  0  0
1188  2  8  0  0
1189  2  9  0  0
1190  2  10  0  0
1191  2  11  0  0
1192  2  12  0  0
1193  2  13  8.9989  2.84572
1194  3  3  0  0
1195  3  4  0  0
1196  3  5  0  0
1197  3  6  0  0
1198  3  7  0  0
1199  3  8  0  0
1200  3  9  0  0
1201  3  10  0  0
1202  3  11  0  0
1203  3  12  0  0
1204  3  13  123.492  10.5128
1205  4  4  0  0
1206  4  5  0  0
1207  4  6  0  0
1208  4  7  0  0
1209  4  8  0  0
1210  4  9  0  0
1211  4  10  0  0
1212  4  11  0  0
1213  4  12  11.8999  3.30055
1214  4  13  437.434  20.0508
1215  5  5  0  0
1216  5  6  0  0
1217  5  7  0  0
1218  5  8  0  0
1219  5  9  0  0
1220  5  10  0  0
1221  5  11  0.854976  0.854976
1222  5  12  34.4947  5.52543
1223  5  13  1127.11  31.5752
1224  6  6  0  0
1225  6  7  0  0
1226  6  8  0  0
1227  6  9  0  0
1228  6  10  0  0
1229  6  11  3.49918  1.74959
1230  6  12  96.786  9.22837
1231  6  13  3689.78  57.2563
1232  7  7  0  0
1233  7  8  0  0
1234  7  9  0  0
1235  7  10  0  0
1236  7  11  12.1821  3.2558
1237  7  12  274.268  15.5028
1238  7  13  16317.4  120.05
1239  8  8  0  0
1240  8  9  0  0
1241  8  10  0  0
1242  8  11  60.4394  7.38592
1243  8  12  1576.53  37.8391
1244  8  13  39717.2  189.688
1245  9  9  0  0
1246  9  10  0  0
1247  9  11  494.014  21.01
1248  9  12  17425  125.524
1249  9  13  45825.7  205.535
1250  10  10  0  0
1251  10  11  16029.1  119.27
1252  10  12  32675.3  170.415
1253  10  13  19333.3  131.573
1254  11  11  16045.2  120.015
1255  11  12  16918  123.403
1256  11  13  618.841  23.7317
1257  12  12  0  0
1258  12  13  0  0
1259  13  13  0  0
999111  45825.7  1249  9  13

12
1260  0  0  0  0
1261  0  1  0  0
1262  0  2  0  0
1263  0  3  0  0
1264  0  4  0  0
1265  0  5  0  0
1266  0  6  0  0
1267  0  7  0  0
1268  0  8  0  0
1269  0  9  0  0
1270  0  10  0  0
1271  0  11  0  0
1272  0  12  0  0
1273  0  13  0  0
1274  1  1  0  0
1275  1  2  0  0
1276  1  3  0  0
1277  1  4  0  0
1278  1  5  0  0
1279  1  6  0  0
1280  1  7  0  0
1281  1  8  0  0
1282  1  9  0  0
1283  1  10  0  0
1284  1  11  0  0
1285  1  12  0  0
1286  1  13  0  0
1287  2  2  0  0
1288  2  3  0  0
1289  2  4  0  0
1290  2  5  0  0
1291  2  6  0  0
1292  2  7  0  0
1293  2  8  0  0
1294  2  9  0  0
1295  2  10  0  0
1296  2  11  0  0
1297  2  12  0  0
1298  2  13  0  0
1299  3  3  0  0
1300  3  4  0  0
1301  3  5  0  0
1302  3  6  0  0
1303  3  7  0  0
1304  3  8  0  0
1305  3  9  0  0
1306  3  10  0  0
1307  3  11  0  0
1308  3  12  0  0
1309  3  13  0.908755  0.908755
1310  4  4  0  0
1311  4  5  0  0
1312  4  6  0  0
1313  4  7  0  0
1314  4  8  0  0
1315  4  9  0  0
1316  4  10  0  0
1317  4  11  0  0
1318  4  12  0  0
1319  4  13  19.3992  4.23338
1320  5  5  0  0
1321  5  6  0  0
1322  5  7  0  0
1323  5  8  0  0
1324  5  9  0  0
1325  5  10  0  0
1326  5  11  0  0
1327  5  12  0  0
1328  5  13  101.402  9.41634
1329  6  6  0  0
1330  6  7  0  0
1331  6  8  0  0
1332  6  9  0  0
1333  6  10  0  0
1334  6  11  0  0
1335  6  12  0  0
1336  6  13  263.003  15.2869
1337  7  7  0  0
1338  7  8  0  0
1339  7  9  0  0
1340  7  10  0  0
1341  7  11  0  0
1342  7  12  3.51705  1.75853
1343  7  13  722.772  25.2713
1344  8  8  0  0
1345  8  9  0  0
1346  8  10  0  0
1347  8  11  0  0
1348  8  12  13.3838  3.45705
1349  8  13  2721.07  49.8221
1350  9  9  0  0
1351  9  10  0  0
1352  9  11  0  0
1353  9  12  48.8641  6.6505
1354  9  13  16515.8  122.802
1355  10  10  0  0
1356  10  11  0  0
1357  10  12  553.901  22.336
1358  10  13  43116.3  197.079
1359  11  11  0  0
1360  11  12  17187.2  125.133
1361  11  13  47263.2  208.083
1362  12  12  17383.6  126.017
1363  12  13  17454.1  126.785
1364  13  13  0  0
999111  47263.2  1361  11  13

13
1365  0  0  0  0
1366  0  1  0  0
1367  0  2  0  0
1368  0  3  0  0
1369  0  4  0  0
1370  0  5  0  0
1371  0  6  0  0
1372  0  7  0  0
1373  0  8  0  0
1374  0  9  0  0
1375  0  10  0  0
1376  0  11  0  0
1377  0  12  0  0
1378  0  13  0  0
1379  1  1  0  0
1380  1  2  0  0
1381  1  3  0  0
1382  1  4  0  0
1383  1  5  0  0
1384  1  6  0  0
1385  1  7  0  0
1386  1  8  0  0
1387  1  9  0  0
1388  1  10  0  0
1389  1  11  0  0
1390  1  12  0  0
1391  1  13  0  0
1392  2  2  0  0
1393  2  3  0  0
1394  2  4  0  0
1395  2  5  0  0
1396  2  6  0  0
1397  2  7  0  0
1398  2  8  0  0
1399  2  9  0  0
1400  2  10  0  0
1401  2  11  0  0
1402  2  12  0  0
1403  2  13  0  0
1404  3  3  0  0
1405  3  4  0  0
1406  3  5  0  0
1407  3  6  0  0
1408  3  7  0  0
1409  3  8  0  0
1410  3  9  0  0
1411  3  10  0  0
1412  3  11  0  0
1413  3  12  0  0
1414  3  13  0  0
1415  4  4  0  0
1416  4  5  0  0
1417  4  6  0  0
1418  4  7  0  0
1419  4  8  0  0
1420  4  9  0  0
1421  4  10  0  0
1422  4  11  0  0
1423  4  12  0  0
1424  4  13  0  0
1425  5  5  0  0
1426  5  6  0  0
1427  5  7  0  0
1428  5  8  0  0
1429  5  9  0  0
1430  5  10  0  0
1431  5  11  0  0
1432  5  12  0  0
1433  5  13  1.73868  1.22943
1434  6  6  0  0
1435  6  7  0  0
1436  6  8  0  0
1437  6  9  0  0
1438  6  10  0  0
1439  6  11  0  0
1440  6  12  0  0
1441  6  13  14.2264  3.55662
1442  7  7  0  0
1443  7  8  0  0
1444  7  9  0  0
1445  7  10  0  0
1446  7  11  0  0
1447  7  12  0  0
1448  7  13  36.2157  5.65597
1449  8  8  0  0
1450  8  9  0  0
1451  8  10  0  0
1452  8  11  0  0
1453  8  12  0  0
1454  8  13  78.1592  8.43137
1455  9  9  0  0
1456  9  10  0  0
1457  9  11  0  0
1458  9  12  0  0
1459  9  13  266.067  15.6002
1460  10  10  0  0
1461  10  11  0  0
1462  10  12  0  0
1463  10  13  1423.15  35.8728
1464  11  11  0  0
1465  11  12  0  0
1466  11  13  15393.4  118.888
1467  12  12  0  0
1468  12  13  48200.2  211.262
1469  13  13  62139.3  241.128
999111  62139.3  1469  13  13


