1.41549e-316   1.41549e-316   1.41549e-316   1.41549e-316   1.41549e-316   1.41549e-316   1.41549e-316   1.41549e-316   1.41549e-316   1.41549e-316   1.41549e-316   1.41549e-316   1.41549e-316   1.41549e-316   0
1.41549e-316   1.41549e-316   1.41549e-316   1.41549e-316   1.41549e-316   1.41549e-316   1.41549e-316   1.41549e-316   1.41549e-316   1.41549e-316   1.41549e-316   1.41549e-316   1.41549e-316   1.41549e-316   0
1.41549e-316   1.41549e-316   1.41549e-316   1.41549e-316   1.41549e-316   1.41549e-316   1.41549e-316   1.41549e-316   1.41549e-316   1.41549e-316   1.41549e-316   1.41549e-316   1.41549e-316   1.41549e-316   0
0   0   0   0.00680979   0.000947424   2.54269e-05   0   0   0   0   0   0   0   0   0
0   0   0   0.000265674   0.00330626   0.000444494   0   0   0   0   0   0   0   0   0
0   0   0   0   0.000281446   0.00248781   0.000345361   3.57661e-06   0   0   0   0   0   0   0
0   0   0   0   2.83512e-06   0.000277548   0.00220169   0.00030488   0   0   0   0   0   0   0
0   0   0   0   0   0   0.000280344   0.00212786   0.000282823   0   0   0   0   0   0
0   0   0   0   0   0   0   0.000300401   0.00220157   0.000282836   2.83539e-06   0   0   0   0
0   0   0   0   0   0   0   0   0.000349316   0.00249421   0.000284207   0   0   0   0
0   0   0   0   0   0   0   0   0   0.000446748   0.00329874   0.000262869   0   0   0
0   0   0   0   0   0   0   0   0   0   0.000953414   0.00678562   0   0   0
0   0   0   0   0   0   0   0   0   0   0   0   0   0   0
0   0   0   0   0   0   0   0   0   0   0   0   0   0   0
0   0   0   0   0   0   0   0   0   0   0   0   0   0   0
