0   0   0   0   0   0   0   0   0   0   0   0   0   0   0
0   0   0   0   0   0   0   0   0   0   0   0   0   0   0
0   0   0   0   0   0   0   0   0   0   0   0   0   0   0
0   0   0   0.963436   0.0365389   2.54272e-05   0   0   0   0   0   0   0   0   0
0   0   0   0.0116592   0.955041   0.0332999   0   0   0   0   0   0   0   0   0
0   0   0   0   0.0226364   0.942907   0.0344535   3.57661e-06   0   0   0   0   0   0   0
0   0   0   0   2.83513e-06   0.0279061   0.938237   0.0338542   0   0   0   0   0   0   0
0   0   0   0   0   0   0.0305613   0.938319   0.0311199   0   0   0   0   0   0
0   0   0   0   0   0   0   0.0328338   0.938157   0.0290061   2.83539e-06   0   0   0   0
0   0   0   0   0   0   0   0   0.0350084   0.942071   0.022921   0   0   0   0
0   0   0   0   0   0   0   0   0   0.0337823   0.954762   0.011456   0   0   0
0   0   0   0   0   0   0   0   0   0   0.0372262   0.962774   0   0   0
0   0   0   0   0   0   0   0   0   0   0   0   0   0   0
0   0   0   0   0   0   0   0   0   0   0   0   0   0   0
0   0   0   0   0   0   0   0   0   0   0   0   0   0   0
